,Timestamp,0,1,2,3
0,1603236945.385564,-20.01953125,-27.83203125,-36.62109375,24.4140625
1,1603236945.3894703,-42.96875,-30.76171875,-33.69140625,-59.08203125
2,1603236945.3933766,-45.8984375,-32.2265625,-35.15625,-109.86328125
3,1603236945.3972828,-45.8984375,-24.90234375,-33.203125,-61.5234375
4,1603236945.401189,-42.96875,-20.5078125,-31.73828125,20.99609375
5,1603236945.4050953,-26.3671875,-25.87890625,-27.83203125,36.1328125
6,1603236945.4090016,-34.1796875,-26.85546875,-25.87890625,-40.0390625
7,1603236945.4129078,-48.33984375,-21.97265625,-29.296875,-107.421875
8,1603236945.416814,-32.2265625,-18.5546875,-24.4140625,-62.5
9,1603236945.4207203,-21.484375,-18.06640625,-22.94921875,30.2734375
10,1603236945.4246266,-36.1328125,-19.53125,-29.78515625,43.9453125
11,1603236945.4285328,-39.55078125,-17.578125,-35.15625,-32.2265625
12,1603236945.432439,-42.96875,-17.08984375,-30.2734375,-106.93359375
13,1603236945.4363453,-41.50390625,-18.5546875,-27.34375,-82.51953125
14,1603236945.4402516,-27.83203125,-21.484375,-30.76171875,8.30078125
15,1603236945.4441578,-11.71875,-23.4375,-31.25,46.38671875
16,1603236945.448064,-16.6015625,-20.99609375,-30.76171875,-13.671875
17,1603236945.4519703,-40.0390625,-18.06640625,-32.2265625,-100.09765625
18,1603236945.4558766,-29.78515625,-18.06640625,-31.25,-86.9140625
19,1603236945.4597828,-16.6015625,-16.11328125,-31.25,1.953125
20,1603236945.463689,-13.18359375,-17.08984375,-32.2265625,36.1328125
21,1603236945.4675953,-25.87890625,-21.97265625,-32.2265625,-23.4375
22,1603236945.4715016,-40.52734375,-24.4140625,-32.71484375,-108.3984375
23,1603236945.4754078,-39.55078125,-22.4609375,-31.25,-108.3984375
24,1603236945.479314,-37.59765625,-16.6015625,-31.73828125,-26.3671875
25,1603236945.4832203,-34.66796875,-20.01953125,-33.203125,27.83203125
26,1603236945.4871266,-45.41015625,-20.01953125,-35.64453125,-21.484375
27,1603236945.4910328,-56.15234375,-17.08984375,-36.1328125,-112.3046875
28,1603236945.494939,-62.01171875,-23.92578125,-37.59765625,-115.72265625
29,1603236945.4988453,-44.921875,-24.90234375,-32.2265625,-31.73828125
30,1603236945.5027516,-39.55078125,-15.13671875,-32.71484375,28.3203125
31,1603236945.5066578,-48.828125,-20.01953125,-40.52734375,-13.18359375
32,1603236945.510564,-33.69140625,-30.2734375,-34.66796875,-93.26171875
33,1603236945.5144703,-34.1796875,-26.3671875,-30.2734375,-99.12109375
34,1603236945.5183766,-49.8046875,-19.53125,-36.1328125,-45.41015625
35,1603236945.5222828,-43.9453125,-23.92578125,-36.62109375,21.484375
36,1603236945.526189,-38.0859375,-21.97265625,-34.66796875,13.18359375
37,1603236945.5300953,-40.0390625,-16.6015625,-31.73828125,-80.56640625
38,1603236945.5340016,-37.59765625,-17.08984375,-28.80859375,-112.3046875
39,1603236945.5379078,-38.0859375,-15.625,-26.85546875,-46.875
40,1603236945.541814,-33.203125,-19.04296875,-31.73828125,27.34375
41,1603236945.5457203,-28.80859375,-20.99609375,-27.83203125,30.2734375
42,1603236945.5496266,-37.59765625,-19.53125,-9.27734375,-60.05859375
43,1603236945.5535328,-41.015625,-20.5078125,7.8125,-112.79296875
44,1603236945.557439,-33.69140625,-25.87890625,17.08984375,-52.24609375
45,1603236945.5613453,-41.015625,-25.390625,22.94921875,24.4140625
46,1603236945.5652516,-45.41015625,-20.5078125,29.296875,26.85546875
47,1603236945.5691578,-41.50390625,-20.5078125,31.73828125,-53.22265625
48,1603236945.573064,-37.109375,-24.4140625,29.296875,-116.69921875
49,1603236945.5769703,-43.9453125,-25.390625,22.94921875,-77.63671875
50,1603236945.5808766,-56.15234375,-28.80859375,16.6015625,6.8359375
51,1603236945.5847828,-44.921875,-35.15625,12.6953125,28.80859375
52,1603236945.588689,-34.66796875,-28.3203125,14.16015625,-47.36328125
53,1603236945.5925953,-37.59765625,-21.97265625,13.671875,-116.69921875
54,1603236945.5965016,-38.0859375,-26.3671875,7.8125,-83.49609375
55,1603236945.6004078,-22.4609375,-27.83203125,7.8125,18.06640625
56,1603236945.604314,-24.4140625,-29.296875,5.37109375,48.828125
57,1603236945.6082203,-34.66796875,-33.203125,0.48828125,-35.15625
58,1603236945.6121266,-33.69140625,-30.76171875,4.8828125,-107.91015625
59,1603236945.6160328,-30.76171875,-28.3203125,2.9296875,-81.54296875
60,1603236945.619939,-29.296875,-29.78515625,-5.859375,6.34765625
61,1603236945.6238453,-27.83203125,-28.80859375,-10.25390625,45.41015625
62,1603236945.6277516,-20.5078125,-29.78515625,-13.18359375,-7.32421875
63,1603236945.6316578,-20.01953125,-34.1796875,-16.11328125,-93.75
64,1603236945.635564,-23.92578125,-34.66796875,-18.06640625,-89.84375
65,1603236945.6394703,-32.71484375,-32.71484375,-19.53125,0.0
66,1603236945.6433766,-27.83203125,-33.203125,-17.08984375,55.6640625
67,1603236945.6472828,-30.2734375,-33.69140625,-14.16015625,11.71875
68,1603236945.651189,-36.62109375,-23.92578125,-19.04296875,-88.37890625
69,1603236945.6550953,-28.3203125,-20.5078125,-28.3203125,-103.515625
70,1603236945.6590016,-31.73828125,-26.3671875,-30.76171875,-16.6015625
71,1603236945.6629078,-38.57421875,-25.390625,-28.3203125,52.24609375
72,1603236945.666814,-30.2734375,-21.97265625,-31.25,12.6953125
73,1603236945.6707203,-23.92578125,-23.92578125,-30.2734375,-81.0546875
74,1603236945.6746266,-32.71484375,-28.3203125,-30.76171875,-96.19140625
75,1603236945.6785328,-32.2265625,-26.3671875,-33.69140625,-28.80859375
76,1603236945.682439,-19.04296875,-21.97265625,-34.66796875,38.0859375
77,1603236945.6863453,-15.13671875,-24.4140625,-33.69140625,22.94921875
78,1603236945.6902516,-17.578125,-34.1796875,-29.78515625,-60.546875
79,1603236945.6941578,-32.71484375,-33.203125,-32.2265625,-94.23828125
80,1603236945.698064,-28.3203125,-23.4375,-39.55078125,-43.45703125
81,1603236945.7019703,-22.94921875,-26.85546875,-39.55078125,38.0859375
82,1603236945.7058766,-22.4609375,-32.2265625,-33.69140625,37.59765625
83,1603236945.7097828,-20.99609375,-30.76171875,-33.203125,-60.05859375
84,1603236945.713689,-30.76171875,-28.3203125,-32.2265625,-104.4921875
85,1603236945.7175953,-39.55078125,-29.78515625,-28.3203125,-46.38671875
86,1603236945.7215016,-42.48046875,-34.1796875,-27.83203125,33.69140625
87,1603236945.7254078,-34.1796875,-35.64453125,-27.34375,39.0625
88,1603236945.729314,-34.66796875,-35.15625,-21.484375,-43.45703125
89,1603236945.7332203,-38.57421875,-35.15625,-13.671875,-93.75
90,1603236945.7371266,-31.25,-36.62109375,-17.08984375,-39.55078125
91,1603236945.7410328,-30.2734375,-27.34375,-29.296875,36.62109375
92,1603236945.744939,-41.015625,-17.08984375,-35.64453125,27.83203125
93,1603236945.7488453,-38.0859375,-21.97265625,-32.71484375,-46.38671875
94,1603236945.7527516,-38.57421875,-26.85546875,-28.80859375,-106.93359375
95,1603236945.7566578,-44.921875,-21.97265625,-28.80859375,-78.125
96,1603236945.760564,-23.92578125,-22.94921875,-28.80859375,10.25390625
97,1603236945.7644703,-15.13671875,-27.34375,-27.83203125,46.38671875
98,1603236945.7683766,-25.87890625,-24.90234375,-32.71484375,-24.90234375
99,1603236945.7722828,-34.1796875,-21.484375,-37.109375,-111.81640625
100,1603236945.776189,-42.48046875,-28.3203125,-38.0859375,-89.84375
101,1603236945.7800953,-36.62109375,-34.66796875,-36.62109375,9.27734375
102,1603236945.7840016,-23.92578125,-30.76171875,-34.66796875,52.734375
103,1603236945.7879078,-19.04296875,-24.90234375,-36.1328125,-13.18359375
104,1603236945.791814,-22.94921875,-29.78515625,-36.1328125,-101.07421875
105,1603236945.7957203,-25.390625,-33.69140625,-29.78515625,-88.8671875
106,1603236945.7996266,-16.11328125,-23.92578125,-27.83203125,-5.859375
107,1603236945.8035328,-15.13671875,-20.5078125,-32.2265625,34.66796875
108,1603236945.807439,-43.45703125,-29.296875,-36.1328125,-4.8828125
109,1603236945.8113453,-65.4296875,-36.62109375,-35.64453125,-98.6328125
110,1603236945.8152516,-55.17578125,-37.109375,-33.203125,-108.3984375
111,1603236945.8191578,-38.57421875,-34.1796875,-38.0859375,-23.92578125
112,1603236945.823064,-33.69140625,-32.2265625,-37.109375,42.96875
113,1603236945.8269703,-34.1796875,-34.1796875,-27.83203125,12.20703125
114,1603236945.8308766,-34.1796875,-33.203125,-34.66796875,-89.84375
115,1603236945.8347828,-50.29296875,-28.80859375,-33.203125,-108.3984375
116,1603236945.838689,-46.875,-30.2734375,-29.296875,-37.59765625
117,1603236945.8425953,-32.2265625,-30.76171875,-33.69140625,27.83203125
118,1603236945.8465016,-32.2265625,-25.87890625,-31.73828125,5.859375
119,1603236945.8504078,-33.203125,-26.3671875,-33.203125,-87.890625
120,1603236945.854314,-39.55078125,-27.83203125,-34.66796875,-112.79296875
121,1603236945.8582203,-29.296875,-28.3203125,-30.2734375,-41.50390625
122,1603236945.8621266,-20.01953125,-26.85546875,-30.76171875,26.3671875
123,1603236945.8660328,-34.66796875,-25.390625,-28.80859375,19.04296875
124,1603236945.869939,-39.0625,-28.80859375,-25.87890625,-60.546875
125,1603236945.8738453,-39.55078125,-28.80859375,-25.390625,-107.421875
126,1603236945.8777516,-50.29296875,-24.90234375,-26.85546875,-59.08203125
127,1603236945.8816578,-35.64453125,-21.97265625,-31.73828125,21.484375
128,1603236945.885564,-28.3203125,-25.390625,-28.3203125,33.69140625
129,1603236945.8894703,-47.36328125,-27.34375,-25.390625,-50.78125
130,1603236945.8933766,-53.7109375,-22.94921875,-30.2734375,-113.28125
131,1603236945.8972828,-48.33984375,-24.4140625,-28.80859375,-62.01171875
132,1603236945.901189,-45.8984375,-26.85546875,-28.3203125,25.87890625
133,1603236945.9050953,-35.15625,-23.4375,-31.73828125,40.0390625
134,1603236945.9090016,-33.203125,-25.87890625,-32.2265625,-40.0390625
135,1603236945.9129078,-45.8984375,-31.25,-29.296875,-109.86328125
136,1603236945.916814,-34.1796875,-28.80859375,-30.2734375,-69.3359375
137,1603236945.9207203,-30.2734375,-29.78515625,-34.66796875,18.5546875
138,1603236945.9246266,-38.57421875,-28.3203125,-33.69140625,39.55078125
139,1603236945.9285328,-29.296875,-22.94921875,-29.296875,-23.92578125
140,1603236945.932439,-28.3203125,-27.83203125,-27.83203125,-91.796875
141,1603236945.9363453,-26.85546875,-33.69140625,-30.2734375,-74.70703125
142,1603236945.9402516,-16.6015625,-29.296875,-25.390625,12.20703125
143,1603236945.9441578,-21.484375,-29.78515625,-24.4140625,58.10546875
144,1603236945.948064,-22.4609375,-28.3203125,-28.80859375,-0.48828125
145,1603236945.9519703,-25.390625,-29.78515625,-27.34375,-85.44921875
146,1603236945.9558766,-30.76171875,-32.2265625,-25.390625,-77.63671875
147,1603236945.9597828,-12.20703125,-25.390625,-27.83203125,3.41796875
148,1603236945.963689,-14.16015625,-22.4609375,-28.80859375,50.78125
149,1603236945.9675953,-31.73828125,-25.390625,-27.83203125,4.8828125
150,1603236945.9715016,-35.64453125,-23.4375,-25.87890625,-79.1015625
151,1603236945.9754078,-34.1796875,-20.5078125,-25.390625,-79.58984375
152,1603236945.979314,-35.15625,-23.4375,-34.1796875,-7.8125
153,1603236945.9832203,-38.57421875,-23.92578125,-36.62109375,38.0859375
154,1603236945.9871266,-32.71484375,-21.484375,-34.66796875,-6.8359375
155,1603236945.9910328,-28.80859375,-14.16015625,-30.2734375,-93.26171875
156,1603236945.994939,-28.80859375,-11.71875,-25.390625,-95.703125
157,1603236945.9988453,-36.62109375,-14.16015625,-27.34375,-22.94921875
158,1603236946.0027516,-35.64453125,-15.13671875,-25.87890625,40.0390625
159,1603236946.0066578,-26.85546875,-18.06640625,-21.97265625,19.04296875
160,1603236946.010564,-25.87890625,-19.53125,-20.5078125,-70.80078125
161,1603236946.0144703,-29.296875,-17.578125,-23.4375,-92.7734375
162,1603236946.0183766,-25.87890625,-13.18359375,-25.87890625,-23.92578125
163,1603236946.0222828,-16.11328125,-15.13671875,-22.4609375,54.19921875
164,1603236946.026189,-20.5078125,-18.5546875,-17.08984375,38.57421875
165,1603236946.0300953,-25.87890625,-15.13671875,-15.625,-61.03515625
166,1603236946.0340016,-13.18359375,-16.11328125,-15.625,-94.7265625
167,1603236946.0379078,-19.53125,-14.6484375,-19.53125,-37.59765625
168,1603236946.041814,-39.0625,-15.13671875,-21.97265625,39.55078125
169,1603236946.0457203,-33.69140625,-12.6953125,-25.390625,47.36328125
170,1603236946.0496266,-29.78515625,-8.7890625,-27.83203125,-38.0859375
171,1603236946.0535328,-33.69140625,-16.11328125,-32.71484375,-99.12109375
172,1603236946.057439,-32.71484375,-24.90234375,-34.66796875,-55.17578125
173,1603236946.0613453,-25.390625,-22.4609375,-29.78515625,38.0859375
174,1603236946.0652516,-11.23046875,-25.390625,-27.83203125,62.98828125
175,1603236946.0691578,-18.06640625,-29.78515625,-24.4140625,-16.6015625
176,1603236946.073064,-35.15625,-19.53125,-27.34375,-98.6328125
177,1603236946.0769703,-28.3203125,-22.4609375,-29.296875,-65.91796875
178,1603236946.0808766,-20.5078125,-25.87890625,-25.390625,30.2734375
179,1603236946.0847828,-25.390625,-20.01953125,-24.4140625,48.828125
180,1603236946.088689,-18.5546875,-20.01953125,-26.3671875,-27.34375
181,1603236946.0925953,-16.6015625,-19.53125,-28.3203125,-96.6796875
182,1603236946.0965016,-23.92578125,-18.06640625,-25.87890625,-67.3828125
183,1603236946.1004078,-11.71875,-14.16015625,-23.4375,24.90234375
184,1603236946.104314,-16.6015625,-16.11328125,-25.390625,60.05859375
185,1603236946.1082203,-28.3203125,-24.4140625,-28.3203125,-1.46484375
186,1603236946.1121266,-28.3203125,-29.296875,-28.80859375,-83.49609375
187,1603236946.1160328,-30.2734375,-22.94921875,-25.390625,-72.75390625
188,1603236946.119939,-25.87890625,-19.53125,-22.4609375,10.25390625
189,1603236946.1238453,-22.4609375,-19.53125,-20.5078125,57.12890625
190,1603236946.1277516,-24.90234375,-18.06640625,-20.01953125,5.37109375
191,1603236946.1316578,-28.3203125,-15.13671875,-22.4609375,-89.35546875
192,1603236946.135564,-27.83203125,-19.04296875,-25.87890625,-87.890625
193,1603236946.1394703,-20.5078125,-29.78515625,-28.3203125,5.859375
194,1603236946.1433766,-4.8828125,-26.85546875,-25.390625,61.5234375
195,1603236946.1472828,-9.765625,-18.06640625,-27.34375,17.08984375
196,1603236946.151189,-18.5546875,-20.99609375,-26.3671875,-74.21875
197,1603236946.1550953,-21.97265625,-32.2265625,-22.4609375,-88.37890625
198,1603236946.1590016,-23.92578125,-31.25,-21.484375,-4.8828125
199,1603236946.1629078,-13.671875,-21.484375,-23.4375,55.6640625
200,1603236946.166814,-6.34765625,-20.01953125,-22.4609375,24.4140625
201,1603236946.1707203,-11.71875,-24.90234375,-22.4609375,-63.4765625
202,1603236946.1746266,-24.90234375,-26.3671875,-25.87890625,-87.40234375
203,1603236946.1785328,-23.92578125,-20.99609375,-26.85546875,-23.4375
204,1603236946.182439,-15.625,-19.04296875,-20.99609375,44.921875
205,1603236946.1863453,-9.27734375,-19.04296875,-21.484375,25.390625
206,1603236946.1902516,-13.671875,-22.4609375,-25.87890625,-65.91796875
207,1603236946.1941578,-39.0625,-20.5078125,-27.34375,-93.26171875
208,1603236946.198064,-40.52734375,-16.11328125,-25.390625,-28.80859375
209,1603236946.2019703,-24.90234375,-17.578125,-19.53125,47.36328125
210,1603236946.2058766,-17.578125,-13.671875,-19.04296875,35.15625
211,1603236946.2097828,-20.01953125,-11.23046875,-26.3671875,-62.01171875
212,1603236946.213689,-24.90234375,-16.11328125,-29.78515625,-112.79296875
213,1603236946.2175953,-21.484375,-21.484375,-28.80859375,-57.12890625
214,1603236946.2215016,-16.6015625,-23.92578125,-33.203125,17.08984375
215,1603236946.2254078,-20.99609375,-26.85546875,-34.1796875,21.484375
216,1603236946.229314,-25.87890625,-28.80859375,-33.69140625,-49.8046875
217,1603236946.2332203,-34.1796875,-29.296875,-29.296875,-101.5625
218,1603236946.2371266,-32.2265625,-20.99609375,-28.3203125,-64.453125
219,1603236946.2410328,-25.390625,-20.5078125,-31.25,24.90234375
220,1603236946.244939,-22.4609375,-27.83203125,-34.1796875,49.8046875
221,1603236946.2488453,-23.92578125,-26.85546875,-33.69140625,-20.01953125
222,1603236946.2527516,-35.64453125,-24.4140625,-31.25,-88.37890625
223,1603236946.2566578,-38.57421875,-24.90234375,-36.1328125,-69.3359375
224,1603236946.260564,-21.484375,-30.2734375,-35.15625,25.390625
225,1603236946.2644703,-17.578125,-30.76171875,-36.1328125,55.6640625
226,1603236946.2683766,-36.1328125,-26.85546875,-39.0625,-20.99609375
227,1603236946.2722828,-42.48046875,-27.83203125,-39.55078125,-105.95703125
228,1603236946.276189,-42.96875,-23.92578125,-40.52734375,-89.84375
229,1603236946.2800953,-32.71484375,-19.04296875,-32.71484375,4.39453125
230,1603236946.2840016,-20.01953125,-22.94921875,-25.390625,49.31640625
231,1603236946.2879078,-18.06640625,-24.4140625,-24.4140625,0.9765625
232,1603236946.291814,-26.85546875,-14.6484375,-27.83203125,-78.61328125
233,1603236946.2957203,-23.4375,-11.71875,-30.2734375,-66.89453125
234,1603236946.2996266,-7.32421875,-12.6953125,-32.71484375,15.13671875
235,1603236946.3035328,-15.625,-13.18359375,-33.203125,56.640625
236,1603236946.307439,-22.94921875,-17.578125,-35.15625,15.13671875
237,1603236946.3113453,-27.83203125,-15.625,-38.57421875,-80.56640625
238,1603236946.3152516,-41.015625,-17.08984375,-37.59765625,-98.6328125
239,1603236946.3191578,-35.15625,-23.4375,-37.59765625,-17.08984375
240,1603236946.323064,-27.83203125,-23.4375,-36.62109375,43.45703125
241,1603236946.3269703,-29.78515625,-23.4375,-36.1328125,2.44140625
242,1603236946.3308766,-34.66796875,-21.484375,-36.1328125,-96.6796875
243,1603236946.3347828,-28.80859375,-21.484375,-35.15625,-110.83984375
244,1603236946.338689,-31.25,-15.13671875,-33.203125,-31.73828125
245,1603236946.3425953,-34.66796875,-15.13671875,-30.76171875,45.41015625
246,1603236946.3465016,-29.78515625,-23.4375,-34.1796875,30.76171875
247,1603236946.3504078,-26.85546875,-22.94921875,-32.2265625,-59.5703125
248,1603236946.354314,-28.80859375,-21.484375,-27.83203125,-87.40234375
249,1603236946.3582203,-27.34375,-11.71875,-30.76171875,-31.73828125
250,1603236946.3621266,-20.99609375,-10.7421875,-28.80859375,46.875
251,1603236946.3660328,-18.06640625,-15.13671875,-25.87890625,42.48046875
252,1603236946.369939,-17.08984375,-13.18359375,-27.83203125,-54.19921875
253,1603236946.3738453,-35.15625,-12.20703125,-31.25,-107.421875
254,1603236946.3777516,-40.0390625,-17.578125,-34.66796875,-56.15234375
255,1603236946.3816578,-27.34375,-23.4375,-33.69140625,36.62109375
256,1603236946.385564,-17.578125,-20.99609375,-31.25,41.50390625
257,1603236946.3894703,-25.87890625,-22.94921875,-33.69140625,-38.57421875
258,1603236946.3933766,-38.57421875,-28.80859375,-36.1328125,-96.19140625
259,1603236946.3972828,-28.3203125,-32.71484375,-32.71484375,-57.12890625
260,1603236946.401189,-14.6484375,-32.2265625,-29.78515625,29.78515625
261,1603236946.4050953,-9.765625,-24.90234375,-34.66796875,40.52734375
262,1603236946.4090016,-18.06640625,-23.4375,-39.55078125,-36.1328125
263,1603236946.4129078,-31.25,-30.2734375,-37.59765625,-97.65625
264,1603236946.416814,-30.2734375,-33.69140625,-35.15625,-67.3828125
265,1603236946.4207203,-19.53125,-24.90234375,-37.59765625,20.01953125
266,1603236946.4246266,-9.27734375,-21.97265625,-36.62109375,53.22265625
267,1603236946.4285328,-17.08984375,-21.484375,-28.80859375,-12.6953125
268,1603236946.432439,-30.76171875,-18.5546875,-30.2734375,-97.16796875
269,1603236946.4363453,-29.78515625,-21.484375,-36.1328125,-81.0546875
270,1603236946.4402516,-1.953125,-22.94921875,-33.69140625,15.13671875
271,1603236946.4441578,-20.01953125,-20.01953125,-30.76171875,55.6640625
272,1603236946.448064,-38.0859375,-16.6015625,-31.73828125,-8.30078125
273,1603236946.4519703,-30.76171875,-22.94921875,-32.2265625,-96.19140625
274,1603236946.4558766,-38.57421875,-24.90234375,-38.57421875,-93.75
275,1603236946.4597828,-34.1796875,-20.5078125,-42.48046875,-10.25390625
276,1603236946.463689,-22.94921875,-22.4609375,-37.59765625,44.921875
277,1603236946.4675953,-24.4140625,-25.87890625,-33.69140625,-3.90625
278,1603236946.4715016,-39.0625,-23.92578125,-35.15625,-95.703125
279,1603236946.4754078,-40.52734375,-21.484375,-32.71484375,-97.65625
280,1603236946.479314,-35.64453125,-19.53125,-27.83203125,-13.671875
281,1603236946.4832203,-37.109375,-19.53125,-26.85546875,49.31640625
282,1603236946.4871266,-30.76171875,-23.4375,-26.85546875,18.5546875
283,1603236946.4910328,-29.78515625,-20.01953125,-28.3203125,-72.75390625
284,1603236946.494939,-43.45703125,-17.08984375,-29.78515625,-96.19140625
285,1603236946.4988453,-32.2265625,-20.5078125,-27.83203125,-16.6015625
286,1603236946.5027516,-10.25390625,-18.5546875,-22.94921875,59.5703125
287,1603236946.5066578,-19.04296875,-15.625,-20.99609375,36.62109375
288,1603236946.510564,-28.80859375,-13.671875,-20.5078125,-54.6875
289,1603236946.5144703,-24.4140625,-11.71875,-17.578125,-81.54296875
290,1603236946.5183766,-20.99609375,-10.25390625,-15.625,-23.4375
291,1603236946.5222828,-19.53125,-9.27734375,-19.04296875,43.45703125
292,1603236946.526189,-34.66796875,-20.5078125,-23.4375,26.85546875
293,1603236946.5300953,-39.0625,-28.3203125,-23.92578125,-59.08203125
294,1603236946.5340016,-30.2734375,-26.85546875,-24.4140625,-102.05078125
295,1603236946.5379078,-34.66796875,-22.94921875,-24.4140625,-54.6875
296,1603236946.541814,-32.71484375,-25.87890625,-24.4140625,31.73828125
297,1603236946.5457203,-31.25,-29.78515625,-24.4140625,33.69140625
298,1603236946.5496266,-38.57421875,-25.87890625,-24.90234375,-57.12890625
299,1603236946.5535328,-43.45703125,-28.3203125,-28.80859375,-114.2578125
300,1603236946.557439,-45.41015625,-39.55078125,-37.109375,-76.66015625
301,1603236946.5613453,-36.62109375,-35.64453125,-38.57421875,10.7421875
302,1603236946.5652516,-33.203125,-28.80859375,-32.71484375,38.0859375
303,1603236946.5691578,-31.25,-30.76171875,-35.15625,-34.66796875
304,1603236946.573064,-22.94921875,-27.83203125,-31.73828125,-95.703125
305,1603236946.5769703,-24.90234375,-29.78515625,-29.296875,-59.08203125
306,1603236946.5808766,-25.87890625,-26.85546875,-28.80859375,24.90234375
307,1603236946.5847828,-18.5546875,-17.08984375,-22.94921875,54.19921875
308,1603236946.588689,-3.90625,-20.99609375,-27.83203125,-14.6484375
309,1603236946.5925953,-14.6484375,-17.08984375,-28.3203125,-91.796875
310,1603236946.5965016,-33.203125,-3.41796875,-24.4140625,-71.2890625
311,1603236946.6004078,-24.90234375,-8.30078125,-29.296875,13.18359375
312,1603236946.604314,-18.5546875,-14.6484375,-29.78515625,48.828125
313,1603236946.6082203,-12.20703125,-14.6484375,-24.4140625,-10.7421875
314,1603236946.6121266,-16.6015625,-11.23046875,-21.97265625,-85.9375
315,1603236946.6160328,-21.97265625,-6.34765625,-22.94921875,-73.2421875
316,1603236946.619939,-16.11328125,-14.6484375,-22.4609375,11.71875
317,1603236946.6238453,-7.8125,-21.484375,-20.01953125,62.98828125
318,1603236946.6277516,-16.6015625,-21.484375,-23.4375,10.7421875
319,1603236946.6316578,-32.71484375,-22.4609375,-25.390625,-80.56640625
320,1603236946.635564,-28.3203125,-25.390625,-22.4609375,-80.078125
321,1603236946.6394703,-20.99609375,-19.53125,-21.484375,2.44140625
322,1603236946.6433766,-16.11328125,-14.6484375,-20.01953125,56.640625
323,1603236946.6472828,-4.8828125,-17.578125,-12.20703125,22.4609375
324,1603236946.651189,-14.6484375,-19.53125,-18.06640625,-71.77734375
325,1603236946.6550953,-40.52734375,-23.4375,-28.3203125,-94.7265625
326,1603236946.6590016,-34.1796875,-26.3671875,-25.390625,-21.484375
327,1603236946.6629078,-21.97265625,-26.85546875,-20.01953125,49.8046875
328,1603236946.666814,-21.484375,-27.83203125,-22.4609375,25.390625
329,1603236946.6707203,-21.484375,-25.87890625,-24.4140625,-67.87109375
330,1603236946.6746266,-25.390625,-18.5546875,-24.4140625,-104.4921875
331,1603236946.6785328,-27.83203125,-22.4609375,-28.3203125,-43.45703125
332,1603236946.682439,-16.11328125,-27.34375,-24.90234375,42.96875
333,1603236946.6863453,-16.11328125,-18.06640625,-22.4609375,29.296875
334,1603236946.6902516,-26.85546875,-17.08984375,-27.34375,-73.2421875
335,1603236946.6941578,-31.25,-24.4140625,-31.73828125,-112.79296875
336,1603236946.698064,-32.71484375,-22.4609375,-28.3203125,-56.640625
337,1603236946.7019703,-21.484375,-19.53125,-20.01953125,26.85546875
338,1603236946.7058766,-16.11328125,-17.578125,-20.99609375,35.64453125
339,1603236946.7097828,-30.2734375,-19.53125,-28.3203125,-50.78125
340,1603236946.713689,-30.76171875,-24.4140625,-30.2734375,-104.4921875
341,1603236946.7175953,-22.4609375,-22.4609375,-29.296875,-52.734375
342,1603236946.7215016,-26.3671875,-20.99609375,-25.87890625,40.0390625
343,1603236946.7254078,-25.390625,-20.99609375,-25.87890625,54.6875
344,1603236946.729314,-18.5546875,-19.04296875,-27.83203125,-26.3671875
345,1603236946.7332203,-12.20703125,-17.578125,-27.34375,-92.28515625
346,1603236946.7371266,-23.4375,-16.6015625,-28.80859375,-55.17578125
347,1603236946.7410328,-30.76171875,-16.6015625,-31.73828125,30.76171875
348,1603236946.744939,-21.484375,-15.625,-26.3671875,54.6875
349,1603236946.7488453,-27.83203125,-12.20703125,-23.92578125,-22.4609375
350,1603236946.7527516,-39.55078125,-15.625,-23.4375,-100.5859375
351,1603236946.7566578,-27.83203125,-13.671875,-24.4140625,-68.84765625
352,1603236946.760564,-13.671875,-7.8125,-27.83203125,19.04296875
353,1603236946.7644703,-16.6015625,-13.671875,-24.90234375,54.19921875
354,1603236946.7683766,-21.97265625,-19.04296875,-22.94921875,-5.37109375
355,1603236946.7722828,-25.390625,-25.390625,-22.4609375,-74.21875
356,1603236946.776189,-21.97265625,-19.04296875,-23.4375,-61.03515625
357,1603236946.7800953,-17.08984375,-13.18359375,-20.99609375,15.625
358,1603236946.7840016,-10.7421875,-22.4609375,-22.94921875,62.98828125
359,1603236946.7879078,-15.625,-20.99609375,-27.34375,10.25390625
360,1603236946.791814,-25.87890625,-19.04296875,-27.83203125,-79.58984375
361,1603236946.7957203,-28.3203125,-18.5546875,-29.296875,-80.56640625
362,1603236946.7996266,-18.5546875,-19.04296875,-31.73828125,5.859375
363,1603236946.8035328,-16.11328125,-22.4609375,-33.203125,63.4765625
364,1603236946.807439,-20.5078125,-21.484375,-28.3203125,20.5078125
365,1603236946.8113453,-30.76171875,-22.94921875,-27.83203125,-76.171875
366,1603236946.8152516,-35.15625,-30.76171875,-28.80859375,-90.33203125
367,1603236946.8191578,-23.92578125,-31.25,-26.3671875,-10.25390625
368,1603236946.823064,-23.4375,-21.484375,-34.1796875,44.43359375
369,1603236946.8269703,-23.92578125,-14.16015625,-32.71484375,17.08984375
370,1603236946.8308766,-22.94921875,-10.7421875,-27.34375,-67.87109375
371,1603236946.8347828,-15.625,-11.23046875,-24.4140625,-94.23828125
372,1603236946.838689,-2.44140625,-11.71875,-21.97265625,-28.80859375
373,1603236946.8425953,-14.6484375,-14.6484375,-21.484375,43.9453125
374,1603236946.8465016,-18.06640625,-16.11328125,-16.6015625,39.0625
375,1603236946.8504078,-22.4609375,-15.13671875,-21.484375,-55.17578125
376,1603236946.854314,-25.87890625,-17.578125,-23.4375,-101.07421875
377,1603236946.8582203,-21.484375,-18.5546875,-16.6015625,-39.0625
378,1603236946.8621266,-11.23046875,-15.625,-13.18359375,51.26953125
379,1603236946.8660328,-6.8359375,-7.8125,-11.23046875,48.33984375
380,1603236946.869939,-17.08984375,-4.39453125,-13.18359375,-43.45703125
381,1603236946.8738453,-12.6953125,-14.6484375,-16.6015625,-90.8203125
382,1603236946.8777516,-14.6484375,-18.06640625,-14.16015625,-45.41015625
383,1603236946.8816578,-26.3671875,-12.6953125,-10.7421875,39.55078125
384,1603236946.885564,-17.578125,-13.671875,-11.71875,46.875
385,1603236946.8894703,-19.53125,-20.99609375,-12.20703125,-36.62109375
386,1603236946.8933766,-38.57421875,-19.53125,-12.6953125,-104.98046875
387,1603236946.8972828,-39.55078125,-16.6015625,-15.625,-74.70703125
388,1603236946.901189,-35.64453125,-20.01953125,-12.6953125,15.625
389,1603236946.9050953,-35.64453125,-21.484375,-9.27734375,41.50390625
390,1603236946.9090016,-34.1796875,-24.4140625,-15.13671875,-29.78515625
391,1603236946.9129078,-32.2265625,-22.94921875,-20.5078125,-109.86328125
392,1603236946.916814,-43.9453125,-23.92578125,-24.90234375,-92.7734375
393,1603236946.9207203,-44.43359375,-27.83203125,-26.3671875,10.7421875
394,1603236946.9246266,-35.64453125,-24.4140625,-23.4375,55.6640625
395,1603236946.9285328,-33.203125,-19.53125,-24.90234375,-18.5546875
396,1603236946.932439,-30.76171875,-22.94921875,-26.85546875,-101.5625
397,1603236946.9363453,-26.3671875,-23.4375,-26.3671875,-82.03125
398,1603236946.9402516,-26.3671875,-22.94921875,-24.4140625,9.27734375
399,1603236946.9441578,-28.3203125,-20.99609375,-24.90234375,57.12890625
400,1603236946.948064,-28.80859375,-17.578125,-26.85546875,8.30078125
401,1603236946.9519703,-23.4375,-18.5546875,-23.4375,-79.58984375
402,1603236946.9558766,-18.06640625,-15.13671875,-20.5078125,-78.125
403,1603236946.9597828,-13.671875,-9.27734375,-21.97265625,2.9296875
404,1603236946.963689,-8.7890625,-15.625,-22.4609375,50.29296875
405,1603236946.9675953,-20.5078125,-24.4140625,-20.5078125,9.765625
406,1603236946.9715016,-37.109375,-20.5078125,-25.390625,-85.9375
407,1603236946.9754078,-37.59765625,-17.578125,-26.85546875,-96.6796875
408,1603236946.979314,-31.73828125,-24.90234375,-23.92578125,-19.04296875
409,1603236946.9832203,-20.5078125,-22.4609375,-25.87890625,47.8515625
410,1603236946.9871266,-22.4609375,-16.11328125,-25.87890625,21.484375
411,1603236946.9910328,-27.83203125,-19.04296875,-28.3203125,-80.078125
412,1603236946.994939,-28.3203125,-18.06640625,-28.3203125,-104.4921875
413,1603236946.9988453,-8.30078125,-14.6484375,-24.90234375,-35.64453125
414,1603236947.0027516,4.39453125,-9.765625,-28.80859375,34.66796875
415,1603236947.0066578,-19.53125,-11.71875,-31.25,17.578125
416,1603236947.010564,-28.3203125,-22.4609375,-30.76171875,-70.3125
417,1603236947.0144703,-31.73828125,-25.390625,-31.25,-101.07421875
418,1603236947.0183766,-38.0859375,-20.5078125,-34.1796875,-44.921875
419,1603236947.0222828,-30.2734375,-20.01953125,-28.3203125,36.1328125
420,1603236947.026189,-23.4375,-13.671875,-23.4375,39.55078125
421,1603236947.0300953,-22.4609375,-8.30078125,-20.5078125,-47.36328125
422,1603236947.0340016,-20.99609375,-5.37109375,-16.6015625,-93.75
423,1603236947.0379078,-12.20703125,-8.30078125,-22.4609375,-43.45703125
424,1603236947.041814,-4.39453125,-8.7890625,-22.4609375,33.69140625
425,1603236947.0457203,-13.18359375,-8.7890625,-19.53125,38.57421875
426,1603236947.0496266,-23.4375,-8.30078125,-20.99609375,-42.96875
427,1603236947.0535328,-31.25,-7.8125,-22.94921875,-104.4921875
428,1603236947.057439,-31.25,-15.625,-23.92578125,-58.59375
429,1603236947.0613453,-21.484375,-12.20703125,-27.83203125,33.203125
430,1603236947.0652516,-12.6953125,-3.41796875,-30.76171875,48.33984375
431,1603236947.0691578,-22.94921875,-6.8359375,-30.2734375,-25.390625
432,1603236947.073064,-33.203125,-9.765625,-29.78515625,-93.75
433,1603236947.0769703,-13.18359375,-9.765625,-27.83203125,-64.94140625
434,1603236947.0808766,-7.8125,-8.7890625,-22.94921875,23.4375
435,1603236947.0847828,-6.8359375,-11.23046875,-20.5078125,57.6171875
436,1603236947.088689,-7.32421875,-15.13671875,-20.99609375,-4.8828125
437,1603236947.0925953,-27.83203125,-16.6015625,-23.4375,-84.9609375
438,1603236947.0965016,-27.83203125,-12.6953125,-20.99609375,-67.3828125
439,1603236947.1004078,4.8828125,2.44140625,-0.48828125,42.48046875
440,1603236947.104314,62.98828125,54.19921875,55.17578125,138.18359375
441,1603236947.1082203,106.93359375,111.328125,108.3984375,123.53515625
442,1603236947.1121266,119.140625,125.48828125,125.0,60.546875
443,1603236947.1160328,123.046875,130.37109375,129.39453125,76.171875
444,1603236947.119939,129.8828125,136.71875,136.23046875,163.0859375
445,1603236947.1238453,123.53515625,133.30078125,136.71875,210.44921875
446,1603236947.1277516,110.3515625,128.90625,127.9296875,157.71484375
447,1603236947.1316578,106.4453125,123.53515625,120.60546875,62.98828125
448,1603236947.135564,113.76953125,127.44140625,123.046875,48.33984375
449,1603236947.1394703,115.234375,121.58203125,120.1171875,117.1875
450,1603236947.1433766,114.74609375,111.328125,114.74609375,174.31640625
451,1603236947.1472828,116.69921875,110.83984375,112.79296875,144.53125
452,1603236947.151189,116.2109375,109.375,104.98046875,50.29296875
453,1603236947.1550953,115.72265625,104.00390625,97.16796875,20.5078125
454,1603236947.1590016,100.5859375,95.21484375,90.33203125,83.49609375
455,1603236947.1629078,97.65625,89.84375,84.47265625,148.92578125
456,1603236947.166814,100.09765625,83.49609375,77.1484375,122.0703125
457,1603236947.1707203,90.33203125,70.3125,70.80078125,20.99609375
458,1603236947.1746266,70.3125,62.98828125,64.453125,-20.01953125
459,1603236947.1785328,61.5234375,64.94140625,56.640625,37.109375
460,1603236947.182439,65.91796875,60.05859375,50.78125,107.91015625
461,1603236947.1863453,53.22265625,48.828125,41.015625,94.7265625
462,1603236947.1902516,45.41015625,38.0859375,32.71484375,3.90625
463,1603236947.1941578,35.15625,27.83203125,28.3203125,-47.36328125
464,1603236947.198064,24.90234375,30.2734375,24.4140625,-4.8828125
465,1603236947.2019703,28.3203125,29.78515625,22.4609375,79.58984375
466,1603236947.2058766,25.390625,24.90234375,21.97265625,83.984375
467,1603236947.2097828,15.13671875,20.01953125,20.5078125,-7.32421875
468,1603236947.213689,8.7890625,19.04296875,14.6484375,-64.453125
469,1603236947.2175953,6.8359375,18.5546875,9.765625,-24.90234375
470,1603236947.2215016,11.71875,14.16015625,10.7421875,61.03515625
471,1603236947.2254078,11.23046875,13.671875,8.7890625,80.078125
472,1603236947.229314,5.37109375,13.18359375,4.8828125,0.9765625
473,1603236947.2332203,2.9296875,11.23046875,1.953125,-64.453125
474,1603236947.2371266,-1.46484375,0.0,-1.46484375,-30.2734375
475,1603236947.2410328,-0.48828125,0.48828125,-8.7890625,50.78125
476,1603236947.244939,4.39453125,8.30078125,-8.7890625,77.63671875
477,1603236947.2488453,6.8359375,-0.9765625,-4.8828125,17.578125
478,1603236947.2527516,0.48828125,-0.9765625,-1.953125,-62.01171875
479,1603236947.2566578,1.46484375,6.8359375,-2.9296875,-41.015625
480,1603236947.260564,2.44140625,4.39453125,-12.20703125,38.57421875
481,1603236947.2644703,7.8125,2.44140625,-15.13671875,73.73046875
482,1603236947.2683766,8.7890625,8.30078125,-12.6953125,22.94921875
483,1603236947.2722828,-0.9765625,8.7890625,-16.11328125,-67.3828125
484,1603236947.276189,-4.39453125,3.41796875,-20.5078125,-62.98828125
485,1603236947.2800953,0.0,-5.859375,-16.6015625,29.296875
486,1603236947.2840016,-9.765625,-7.32421875,-14.16015625,76.171875
487,1603236947.2879078,-24.4140625,-0.9765625,-18.5546875,10.25390625
488,1603236947.291814,-27.34375,-2.44140625,-20.99609375,-80.078125
489,1603236947.2957203,-25.87890625,-4.39453125,-22.94921875,-76.171875
490,1603236947.2996266,-21.97265625,-2.44140625,-21.484375,-1.46484375
491,1603236947.3035328,-18.06640625,-4.8828125,-20.01953125,54.19921875
492,1603236947.307439,-15.13671875,-16.11328125,-19.53125,25.87890625
493,1603236947.3113453,-21.97265625,-18.5546875,-18.5546875,-67.87109375
494,1603236947.3152516,-28.3203125,-14.16015625,-19.04296875,-90.33203125
495,1603236947.3191578,-26.3671875,-12.6953125,-16.6015625,-15.13671875
496,1603236947.323064,-20.5078125,-10.25390625,-15.625,54.19921875
497,1603236947.3269703,-22.94921875,-11.23046875,-17.578125,34.1796875
498,1603236947.3308766,-29.78515625,-11.71875,-15.13671875,-59.08203125
499,1603236947.3347828,-28.3203125,-13.18359375,-16.6015625,-95.21484375
500,1603236947.338689,-22.4609375,-16.6015625,-22.4609375,-35.64453125
501,1603236947.3425953,-20.01953125,-18.06640625,-20.99609375,48.33984375
502,1603236947.3465016,-20.99609375,-12.6953125,-20.5078125,50.78125
503,1603236947.3504078,-24.90234375,-13.671875,-20.5078125,-41.015625
504,1603236947.354314,-27.83203125,-18.06640625,-17.578125,-88.37890625
505,1603236947.3582203,-21.484375,-18.5546875,-16.6015625,-30.76171875
506,1603236947.3621266,-10.25390625,-19.53125,-19.04296875,42.96875
507,1603236947.3660328,-0.48828125,-21.484375,-27.83203125,36.1328125
508,1603236947.369939,-19.53125,-19.53125,-24.90234375,-46.875
509,1603236947.3738453,-29.296875,-16.6015625,-21.97265625,-101.07421875
510,1603236947.3777516,-19.04296875,-14.6484375,-27.34375,-52.24609375
511,1603236947.3816578,-26.3671875,-11.23046875,-29.296875,32.2265625
512,1603236947.385564,-23.92578125,-18.06640625,-26.85546875,45.8984375
513,1603236947.3894703,-19.53125,-23.4375,-29.296875,-35.64453125
514,1603236947.3933766,-23.92578125,-11.71875,-32.71484375,-106.93359375
515,1603236947.3972828,-26.85546875,-9.765625,-24.4140625,-67.3828125
516,1603236947.401189,-19.53125,-12.6953125,-22.4609375,22.94921875
517,1603236947.4050953,-13.671875,-13.671875,-28.3203125,41.9921875
518,1603236947.4090016,-22.94921875,-14.16015625,-26.3671875,-27.34375
519,1603236947.4129078,-22.4609375,-17.08984375,-23.4375,-92.7734375
520,1603236947.416814,-20.01953125,-20.5078125,-26.85546875,-77.1484375
521,1603236947.4207203,-12.20703125,-15.13671875,-25.87890625,9.765625
522,1603236947.4246266,-11.23046875,-12.6953125,-26.3671875,47.8515625
523,1603236947.4285328,-17.08984375,-17.08984375,-28.3203125,-15.13671875
524,1603236947.432439,-20.99609375,-20.01953125,-26.3671875,-89.35546875
525,1603236947.4363453,-23.92578125,-13.671875,-30.2734375,-79.58984375
526,1603236947.4402516,-6.8359375,-11.23046875,-25.87890625,-0.48828125
527,1603236947.4441578,-11.71875,-20.99609375,-19.04296875,53.22265625
528,1603236947.448064,-26.3671875,-20.5078125,-26.85546875,12.20703125
529,1603236947.4519703,-33.203125,-18.06640625,-31.25,-76.66015625
530,1603236947.4558766,-33.69140625,-16.6015625,-28.80859375,-78.125
531,1603236947.4597828,-24.90234375,-15.625,-24.90234375,4.8828125
532,1603236947.463689,-21.484375,-19.53125,-26.85546875,63.4765625
533,1603236947.4675953,-28.3203125,-22.94921875,-26.85546875,23.92578125
534,1603236947.4715016,-30.2734375,-20.01953125,-25.390625,-68.84765625
535,1603236947.4754078,-19.53125,-15.13671875,-27.83203125,-79.58984375
536,1603236947.479314,-19.53125,-14.6484375,-23.4375,-8.30078125
537,1603236947.4832203,-14.6484375,-8.7890625,-24.4140625,50.29296875
538,1603236947.4871266,-8.7890625,-9.27734375,-25.390625,22.94921875
539,1603236947.4910328,-26.3671875,-16.11328125,-20.5078125,-75.68359375
540,1603236947.494939,-33.203125,-15.625,-19.04296875,-102.5390625
541,1603236947.4988453,-19.04296875,-14.6484375,-19.53125,-29.296875
542,1603236947.5027516,-11.23046875,-15.13671875,-22.4609375,46.38671875
543,1603236947.5066578,-14.16015625,-14.16015625,-21.97265625,32.71484375
544,1603236947.510564,-30.76171875,-18.06640625,-22.4609375,-59.08203125
545,1603236947.5144703,-34.66796875,-20.5078125,-25.390625,-95.703125
546,1603236947.5183766,-26.85546875,-18.5546875,-26.85546875,-33.69140625
547,1603236947.5222828,-17.578125,-20.5078125,-22.94921875,45.41015625
548,1603236947.526189,-12.20703125,-19.04296875,-24.4140625,43.9453125
549,1603236947.5300953,-20.99609375,-12.6953125,-29.296875,-43.45703125
550,1603236947.5340016,-21.97265625,-16.6015625,-28.3203125,-89.84375
551,1603236947.5379078,-15.625,-18.06640625,-25.87890625,-38.57421875
552,1603236947.541814,-13.18359375,-14.16015625,-24.4140625,44.921875
553,1603236947.5457203,-15.13671875,-21.97265625,-21.97265625,59.08203125
554,1603236947.5496266,-21.484375,-25.87890625,-20.99609375,-20.5078125
555,1603236947.5535328,-23.4375,-21.97265625,-20.01953125,-92.7734375
556,1603236947.557439,-26.85546875,-17.08984375,-18.06640625,-58.59375
557,1603236947.5613453,-25.390625,-17.08984375,-22.4609375,29.296875
558,1603236947.5652516,-14.16015625,-22.94921875,-24.90234375,51.26953125
559,1603236947.5691578,-15.625,-23.92578125,-25.87890625,-18.5546875
560,1603236947.573064,-28.80859375,-19.53125,-29.296875,-96.6796875
561,1603236947.5769703,-29.296875,-18.5546875,-28.3203125,-68.84765625
562,1603236947.5808766,-17.578125,-20.99609375,-29.296875,17.578125
563,1603236947.5847828,-18.5546875,-22.94921875,-29.78515625,48.828125
564,1603236947.588689,-17.578125,-14.16015625,-27.34375,-4.39453125
565,1603236947.5925953,-14.16015625,-8.30078125,-29.296875,-86.9140625
566,1603236947.5965016,-12.6953125,-14.16015625,-31.25,-81.0546875
567,1603236947.6004078,-9.765625,-14.16015625,-30.2734375,10.7421875
568,1603236947.604314,-26.85546875,-14.16015625,-32.2265625,52.734375
569,1603236947.6082203,-26.3671875,-17.08984375,-32.2265625,-1.953125
570,1603236947.6121266,-20.01953125,-20.01953125,-29.78515625,-79.58984375
571,1603236947.6160328,-30.2734375,-17.578125,-33.203125,-83.0078125
572,1603236947.619939,-25.87890625,-9.765625,-31.73828125,-9.27734375
573,1603236947.6238453,-18.06640625,-8.30078125,-21.484375,43.9453125
574,1603236947.6277516,-22.94921875,-7.32421875,-19.53125,2.44140625
575,1603236947.6316578,-24.90234375,-9.27734375,-22.94921875,-87.890625
576,1603236947.635564,-28.80859375,-11.23046875,-22.94921875,-96.19140625
577,1603236947.6394703,-24.90234375,-11.23046875,-20.01953125,-14.6484375
578,1603236947.6433766,-18.5546875,-7.8125,-16.11328125,54.19921875
579,1603236947.6472828,-29.78515625,-8.7890625,-19.53125,24.4140625
580,1603236947.651189,-34.1796875,-12.20703125,-20.01953125,-68.84765625
581,1603236947.6550953,-23.4375,-17.08984375,-17.578125,-90.8203125
582,1603236947.6590016,-22.4609375,-25.390625,-24.4140625,-24.4140625
583,1603236947.6629078,-15.625,-18.06640625,-25.390625,42.96875
584,1603236947.666814,1.953125,-14.16015625,-20.99609375,33.69140625
585,1603236947.6707203,-8.30078125,-17.08984375,-20.5078125,-54.6875
586,1603236947.6746266,-29.78515625,-18.5546875,-20.5078125,-101.07421875
587,1603236947.6785328,-35.64453125,-21.484375,-24.90234375,-49.31640625
588,1603236947.682439,-30.2734375,-20.5078125,-21.484375,34.66796875
589,1603236947.6863453,-22.94921875,-18.06640625,-17.578125,35.15625
590,1603236947.6902516,-30.2734375,-14.6484375,-23.4375,-52.24609375
591,1603236947.6941578,-27.34375,-14.6484375,-24.90234375,-100.09765625
592,1603236947.698064,-22.4609375,-17.578125,-24.4140625,-48.33984375
593,1603236947.7019703,-27.83203125,-20.99609375,-20.01953125,39.0625
594,1603236947.7058766,-19.53125,-22.94921875,-19.04296875,45.8984375
595,1603236947.7097828,-21.484375,-15.625,-19.04296875,-36.1328125
596,1603236947.713689,-29.296875,-12.20703125,-18.5546875,-92.28515625
597,1603236947.7175953,-22.94921875,-19.04296875,-20.5078125,-54.19921875
598,1603236947.7215016,-20.01953125,-14.6484375,-20.01953125,29.78515625
599,1603236947.7254078,-13.671875,-7.8125,-23.92578125,53.7109375
600,1603236947.729314,-9.27734375,-15.13671875,-25.390625,-16.6015625
601,1603236947.7332203,-11.23046875,-18.06640625,-17.578125,-90.8203125
602,1603236947.7371266,-21.484375,-15.625,-17.578125,-72.75390625
603,1603236947.7410328,-27.34375,-19.04296875,-24.4140625,13.671875
604,1603236947.744939,-11.71875,-20.01953125,-23.92578125,52.24609375
605,1603236947.7488453,-7.32421875,-20.01953125,-24.4140625,-10.7421875
606,1603236947.7527516,-18.5546875,-20.01953125,-27.83203125,-92.7734375
607,1603236947.7566578,-23.92578125,-13.18359375,-27.34375,-76.171875
608,1603236947.760564,-20.99609375,-17.578125,-27.83203125,14.16015625
609,1603236947.7644703,-12.20703125,-21.97265625,-24.90234375,58.10546875
610,1603236947.7683766,-18.5546875,-18.06640625,-21.97265625,0.9765625
611,1603236947.7722828,-43.45703125,-23.92578125,-21.484375,-84.9609375
612,1603236947.776189,-41.015625,-29.296875,-25.390625,-84.47265625
613,1603236947.7800953,-25.87890625,-27.83203125,-26.3671875,-1.953125
614,1603236947.7840016,-24.4140625,-25.87890625,-29.296875,49.8046875
615,1603236947.7879078,-23.4375,-23.92578125,-37.59765625,5.37109375
616,1603236947.791814,-22.94921875,-22.4609375,-39.0625,-86.9140625
617,1603236947.7957203,-20.5078125,-20.01953125,-37.59765625,-96.19140625
618,1603236947.7996266,-7.8125,-15.625,-35.64453125,-14.6484375
619,1603236947.8035328,-3.90625,-13.18359375,-35.64453125,44.43359375
620,1603236947.807439,-11.23046875,-14.6484375,-39.55078125,11.71875
621,1603236947.8113453,-10.7421875,-14.6484375,-38.57421875,-89.84375
622,1603236947.8152516,-6.8359375,-12.6953125,-31.73828125,-114.2578125
623,1603236947.8191578,-3.90625,-18.5546875,-30.2734375,-32.71484375
624,1603236947.823064,-4.39453125,-21.97265625,-32.2265625,47.8515625
625,1603236947.8269703,-12.20703125,-26.3671875,-31.25,32.71484375
626,1603236947.8308766,-27.34375,-27.83203125,-32.71484375,-66.40625
627,1603236947.8347828,-28.80859375,-26.3671875,-32.71484375,-97.65625
628,1603236947.838689,-29.78515625,-31.25,-35.64453125,-38.0859375
629,1603236947.8425953,-34.1796875,-30.76171875,-37.109375,32.71484375
630,1603236947.8465016,-18.5546875,-26.3671875,-37.109375,23.4375
631,1603236947.8504078,-8.7890625,-26.85546875,-34.66796875,-55.17578125
632,1603236947.854314,-31.25,-32.2265625,-32.71484375,-98.14453125
633,1603236947.8582203,-47.36328125,-30.2734375,-32.2265625,-52.734375
634,1603236947.8621266,-32.2265625,-26.3671875,-29.296875,42.48046875
635,1603236947.8660328,-33.203125,-25.87890625,-32.71484375,45.41015625
636,1603236947.869939,-37.109375,-21.97265625,-34.66796875,-40.52734375
637,1603236947.8738453,-43.45703125,-25.390625,-37.109375,-100.5859375
638,1603236947.8777516,-44.921875,-26.85546875,-36.62109375,-65.91796875
639,1603236947.8816578,-27.83203125,-21.484375,-28.3203125,33.69140625
640,1603236947.885564,-22.4609375,-21.97265625,-23.92578125,59.08203125
641,1603236947.8894703,-26.3671875,-26.3671875,-26.85546875,-19.53125
642,1603236947.8933766,-26.85546875,-25.390625,-27.34375,-84.9609375
643,1603236947.8972828,-18.06640625,-31.25,-24.4140625,-46.38671875
644,1603236947.901189,-18.5546875,-34.66796875,-27.34375,34.66796875
645,1603236947.9050953,-13.18359375,-30.2734375,-27.83203125,53.7109375
646,1603236947.9090016,-0.48828125,-27.83203125,-29.78515625,-6.8359375
647,1603236947.9129078,-9.765625,-21.484375,-27.34375,-77.1484375
648,1603236947.916814,-16.6015625,-18.06640625,-21.484375,-63.96484375
649,1603236947.9207203,-7.32421875,-12.6953125,-24.90234375,24.4140625
650,1603236947.9246266,-2.44140625,-8.7890625,-24.90234375,63.96484375
651,1603236947.9285328,-4.39453125,-8.7890625,-26.3671875,2.44140625
652,1603236947.932439,-10.25390625,-10.25390625,-24.4140625,-80.56640625
653,1603236947.9363453,-6.34765625,-9.27734375,-23.4375,-74.21875
654,1603236947.9402516,1.46484375,-11.71875,-28.80859375,16.6015625
655,1603236947.9441578,15.625,-20.01953125,-27.34375,80.56640625
656,1603236947.948064,20.01953125,-12.20703125,-28.3203125,27.83203125
657,1603236947.9519703,-1.46484375,-8.7890625,-29.78515625,-77.1484375
658,1603236947.9558766,-12.6953125,-15.13671875,-30.2734375,-82.03125
659,1603236947.9597828,-13.18359375,-11.23046875,-27.34375,2.44140625
660,1603236947.963689,-18.06640625,-12.6953125,-26.3671875,58.10546875
661,1603236947.9675953,-15.625,-14.6484375,-29.296875,24.90234375
662,1603236947.9715016,-20.5078125,-18.06640625,-27.83203125,-63.4765625
663,1603236947.9754078,-37.59765625,-21.97265625,-27.83203125,-85.44921875
664,1603236947.979314,-39.55078125,-20.5078125,-28.3203125,-17.578125
665,1603236947.9832203,-27.83203125,-17.578125,-26.3671875,46.875
666,1603236947.9871266,-26.3671875,-21.484375,-28.3203125,26.85546875
667,1603236947.9910328,-32.71484375,-14.16015625,-23.92578125,-65.91796875
668,1603236947.994939,-25.390625,-0.48828125,-7.32421875,-98.14453125
669,1603236947.9988453,-25.87890625,-2.9296875,-9.765625,-37.59765625
670,1603236948.0027516,-41.015625,-26.85546875,-33.203125,18.5546875
671,1603236948.0066578,-50.29296875,-28.3203125,-44.921875,-11.23046875
672,1603236948.010564,-58.59375,12.20703125,-14.16015625,-100.5859375
673,1603236948.0144703,-107.421875,-5.859375,-11.71875,-167.96875
674,1603236948.0183766,-157.71484375,-27.34375,-53.22265625,-170.8984375
675,1603236948.0222828,-169.921875,0.9765625,-41.50390625,-116.69921875
676,1603236948.026189,-207.03125,-2.9296875,-15.625,-147.4609375
677,1603236948.0300953,-269.53125,-23.92578125,-17.08984375,-289.0625
678,1603236948.0340016,-315.4296875,-12.6953125,-5.37109375,-382.8125
679,1603236948.0379078,-364.74609375,-3.41796875,-2.9296875,-390.13671875
680,1603236948.041814,-396.97265625,-6.8359375,-1.953125,-337.890625
681,1603236948.0457203,-391.11328125,-5.37109375,11.71875,-313.96484375
682,1603236948.0496266,-398.92578125,-6.8359375,13.18359375,-392.08984375
683,1603236948.0535328,-417.96875,-20.99609375,5.859375,-478.515625
684,1603236948.057439,-409.1796875,-29.296875,4.39453125,-441.89453125
685,1603236948.0613453,-377.9296875,-29.296875,4.39453125,-320.80078125
686,1603236948.0652516,-336.9140625,-21.97265625,11.71875,-258.7890625
687,1603236948.0691578,-328.125,-17.578125,13.671875,-315.91796875
688,1603236948.073064,-334.9609375,-19.53125,9.765625,-374.0234375
689,1603236948.0769703,-320.3125,-23.92578125,2.44140625,-339.84375
690,1603236948.0808766,-284.1796875,-23.92578125,5.37109375,-233.3984375
691,1603236948.0847828,-263.671875,-17.08984375,11.71875,-171.875
692,1603236948.088689,-261.71875,-12.20703125,-0.48828125,-214.84375
693,1603236948.0925953,-239.2578125,-23.4375,0.48828125,-280.76171875
694,1603236948.0965016,-227.05078125,-14.6484375,6.8359375,-266.6015625
695,1603236948.1004078,-228.02734375,-11.71875,-1.46484375,-179.19921875
696,1603236948.104314,-199.21875,-28.3203125,-2.44140625,-113.76953125
697,1603236948.1082203,-187.5,-17.578125,-6.34765625,-145.99609375
698,1603236948.1121266,-207.03125,-17.578125,-9.27734375,-241.2109375
699,1603236948.1160328,-186.03515625,-15.625,-5.37109375,-231.93359375
700,1603236948.119939,-166.50390625,-20.5078125,-10.25390625,-138.671875
701,1603236948.1238453,-161.62109375,-28.80859375,-5.859375,-79.1015625
702,1603236948.1277516,-145.5078125,-18.5546875,-2.44140625,-112.79296875
703,1603236948.1316578,-145.5078125,-17.08984375,-13.18359375,-210.9375
704,1603236948.135564,-141.11328125,-22.4609375,-8.30078125,-213.8671875
705,1603236948.1394703,-137.20703125,-30.2734375,-2.44140625,-124.51171875
706,1603236948.1433766,-141.11328125,-26.85546875,-13.18359375,-66.40625
707,1603236948.1472828,-129.39453125,-14.16015625,-12.6953125,-83.984375
708,1603236948.151189,-117.1875,-16.11328125,-8.7890625,-162.109375
709,1603236948.1550953,-116.69921875,-22.4609375,-5.37109375,-195.80078125
710,1603236948.1590016,-105.46875,-24.90234375,-4.8828125,-131.8359375
711,1603236948.1629078,-85.44921875,-17.578125,-6.34765625,-43.45703125
712,1603236948.166814,-96.6796875,-16.6015625,-8.30078125,-54.19921875
713,1603236948.1707203,-111.81640625,-15.13671875,-4.39453125,-145.01953125
714,1603236948.1746266,-110.3515625,-17.578125,-3.90625,-191.89453125
715,1603236948.1785328,-98.6328125,-20.99609375,-1.953125,-126.953125
716,1603236948.182439,-83.984375,-22.94921875,5.859375,-27.83203125
717,1603236948.1863453,-85.44921875,-22.4609375,-3.41796875,-34.66796875
718,1603236948.1902516,-87.890625,-25.390625,-2.9296875,-124.0234375
719,1603236948.1941578,-82.03125,-26.85546875,0.48828125,-168.9453125
720,1603236948.198064,-77.1484375,-26.3671875,-12.6953125,-111.81640625
721,1603236948.2019703,-78.61328125,-32.2265625,-16.11328125,-14.6484375
722,1603236948.2058766,-67.87109375,-27.34375,-14.16015625,4.8828125
723,1603236948.2097828,-58.59375,-27.83203125,-17.578125,-66.89453125
724,1603236948.213689,-58.10546875,-38.0859375,-18.5546875,-109.86328125
725,1603236948.2175953,-44.43359375,-39.55078125,-25.87890625,-58.59375
726,1603236948.2215016,-36.62109375,-34.66796875,-25.87890625,35.15625
727,1603236948.2254078,-20.5078125,-35.15625,-16.6015625,83.0078125
728,1603236948.229314,-7.32421875,-32.2265625,-16.11328125,32.2265625
729,1603236948.2332203,-6.34765625,-23.4375,-19.04296875,-37.59765625
730,1603236948.2371266,11.71875,-25.87890625,-19.04296875,0.9765625
731,1603236948.2410328,35.15625,-27.83203125,-20.5078125,106.4453125
732,1603236948.244939,64.453125,-24.4140625,-24.4140625,153.3203125
733,1603236948.2488453,87.40234375,-22.4609375,-27.34375,112.3046875
734,1603236948.2527516,92.7734375,-20.99609375,-27.83203125,54.6875
735,1603236948.2566578,107.421875,-18.06640625,-36.1328125,76.66015625
736,1603236948.260564,126.46484375,-16.11328125,-43.45703125,167.48046875
737,1603236948.2644703,139.6484375,-18.06640625,-44.921875,217.7734375
738,1603236948.2683766,143.06640625,-20.01953125,-44.43359375,180.17578125
739,1603236948.2722828,138.18359375,-22.4609375,-40.52734375,107.421875
740,1603236948.276189,140.13671875,-21.97265625,-48.33984375,106.93359375
741,1603236948.2800953,155.76171875,-21.484375,-63.96484375,186.03515625
742,1603236948.2840016,169.43359375,-26.3671875,-58.10546875,250.9765625
743,1603236948.2879078,178.22265625,-21.484375,-52.734375,210.44921875
744,1603236948.291814,176.26953125,-13.671875,-52.24609375,110.3515625
745,1603236948.2957203,165.0390625,-15.13671875,-47.8515625,105.46875
746,1603236948.2996266,169.43359375,-21.97265625,-48.828125,183.10546875
747,1603236948.3035328,181.640625,-29.78515625,-45.41015625,244.62890625
748,1603236948.307439,186.03515625,-24.90234375,-41.015625,227.5390625
749,1603236948.3113453,178.22265625,-22.94921875,-37.109375,140.13671875
750,1603236948.3152516,178.7109375,-29.296875,-35.15625,109.375
751,1603236948.3191578,192.87109375,-26.3671875,-33.203125,175.29296875
752,1603236948.323064,197.265625,-20.99609375,-31.25,243.65234375
753,1603236948.3269703,201.66015625,-21.97265625,-29.78515625,229.4921875
754,1603236948.3308766,199.21875,-23.92578125,-32.71484375,128.90625
755,1603236948.3347828,190.4296875,-23.4375,-36.1328125,79.1015625
756,1603236948.338689,190.4296875,-18.5546875,-37.59765625,133.30078125
757,1603236948.3425953,177.734375,-22.4609375,-40.52734375,207.51953125
758,1603236948.3465016,164.0625,-23.4375,-41.015625,204.58984375
759,1603236948.3504078,160.15625,-15.13671875,-38.57421875,117.67578125
760,1603236948.354314,151.85546875,-17.578125,-36.62109375,64.94140625
761,1603236948.3582203,154.296875,-20.01953125,-39.0625,100.5859375
762,1603236948.3621266,149.90234375,-22.94921875,-42.48046875,179.6875
763,1603236948.3660328,131.8359375,-21.484375,-49.31640625,179.19921875
764,1603236948.369939,127.44140625,-9.27734375,-53.22265625,88.37890625
765,1603236948.3738453,123.046875,-8.7890625,-49.31640625,26.3671875
766,1603236948.3777516,105.46875,-13.671875,-45.8984375,54.6875
767,1603236948.3816578,91.796875,-10.7421875,-43.45703125,130.37109375
768,1603236948.385564,93.75,-10.7421875,-40.0390625,145.01953125
769,1603236948.3894703,92.7734375,-13.18359375,-36.1328125,77.63671875
770,1603236948.3933766,79.58984375,-15.13671875,-38.0859375,1.953125
771,1603236948.3972828,70.3125,-15.13671875,-40.0390625,13.671875
772,1603236948.401189,74.21875,-12.20703125,-37.59765625,100.5859375
773,1603236948.4050953,81.0546875,-16.11328125,-40.52734375,140.13671875
774,1603236948.4090016,76.66015625,-17.578125,-42.48046875,74.70703125
775,1603236948.4129078,64.94140625,-11.23046875,-39.0625,-15.13671875
776,1603236948.416814,53.7109375,-9.765625,-39.55078125,-10.25390625
777,1603236948.4207203,54.6875,-4.8828125,-41.015625,76.171875
778,1603236948.4246266,55.6640625,2.44140625,-41.015625,122.55859375
779,1603236948.4285328,45.8984375,7.32421875,-42.48046875,68.84765625
780,1603236948.432439,48.828125,3.90625,-41.9921875,-11.23046875
781,1603236948.4363453,41.9921875,-2.44140625,-41.015625,-9.27734375
782,1603236948.4402516,30.2734375,-2.44140625,-43.45703125,65.4296875
783,1603236948.4441578,29.78515625,0.48828125,-42.96875,115.72265625
784,1603236948.448064,27.83203125,0.48828125,-41.50390625,71.2890625
785,1603236948.4519703,27.34375,0.0,-39.55078125,-19.53125
786,1603236948.4558766,21.97265625,1.46484375,-37.109375,-41.015625
787,1603236948.4597828,13.18359375,2.44140625,-37.59765625,25.390625
788,1603236948.463689,23.4375,0.0,-37.109375,94.7265625
789,1603236948.4675953,27.34375,-3.90625,-36.1328125,62.98828125
790,1603236948.4715016,8.7890625,-1.46484375,-37.59765625,-43.45703125
791,1603236948.4754078,3.41796875,0.9765625,-41.015625,-78.61328125
792,1603236948.479314,11.71875,-4.39453125,-43.9453125,-12.6953125
793,1603236948.4832203,13.671875,-5.859375,-38.57421875,64.453125
794,1603236948.4871266,7.32421875,-7.8125,-32.71484375,54.19921875
795,1603236948.4910328,8.30078125,-7.8125,-39.55078125,-41.50390625
796,1603236948.494939,7.32421875,-10.7421875,-42.48046875,-81.54296875
797,1603236948.4988453,-4.8828125,-19.04296875,-35.64453125,-26.85546875
798,1603236948.5027516,-2.44140625,-22.4609375,-35.15625,49.31640625
799,1603236948.5066578,-0.9765625,-22.94921875,-35.64453125,50.78125
800,1603236948.510564,-6.34765625,-26.85546875,-35.64453125,-40.52734375
801,1603236948.5144703,-20.01953125,-23.4375,-31.25,-87.40234375
802,1603236948.5183766,-29.296875,-18.06640625,-32.2265625,-42.96875
803,1603236948.5222828,-11.71875,-21.97265625,-33.203125,40.0390625
804,1603236948.526189,1.953125,-20.5078125,-32.71484375,56.15234375
805,1603236948.5300953,-4.39453125,-17.08984375,-33.69140625,-34.1796875
806,1603236948.5340016,-7.8125,-15.625,-35.15625,-100.5859375
807,1603236948.5379078,-6.34765625,-16.6015625,-34.1796875,-52.24609375
808,1603236948.541814,-8.30078125,-17.578125,-29.78515625,37.109375
809,1603236948.5457203,-6.8359375,-11.71875,-22.4609375,56.15234375
810,1603236948.5496266,-16.6015625,-4.39453125,-23.92578125,-13.671875
811,1603236948.5535328,-14.6484375,-6.34765625,-28.3203125,-85.9375
812,1603236948.557439,-8.30078125,-12.20703125,-26.85546875,-55.17578125
813,1603236948.5613453,-16.6015625,-10.7421875,-28.3203125,36.62109375
814,1603236948.5652516,-15.13671875,-8.30078125,-31.73828125,61.03515625
815,1603236948.5691578,-5.859375,-11.71875,-31.25,-2.44140625
816,1603236948.573064,-10.7421875,-16.6015625,-29.78515625,-75.1953125
817,1603236948.5769703,-20.5078125,-15.13671875,-30.76171875,-63.96484375
818,1603236948.5808766,-10.7421875,-12.20703125,-29.296875,20.99609375
819,1603236948.5847828,6.8359375,-11.71875,-29.78515625,62.98828125
820,1603236948.588689,-7.32421875,-18.06640625,-30.2734375,9.27734375
821,1603236948.5925953,-17.578125,-19.04296875,-33.203125,-77.1484375
822,1603236948.5965016,-12.6953125,-13.671875,-32.71484375,-76.171875
823,1603236948.6004078,-11.23046875,-14.16015625,-24.4140625,12.6953125
824,1603236948.604314,-6.34765625,-17.08984375,-26.85546875,60.05859375
825,1603236948.6082203,-17.08984375,-11.71875,-32.2265625,8.30078125
826,1603236948.6121266,-20.5078125,-12.20703125,-29.78515625,-73.2421875
827,1603236948.6160328,-10.25390625,-17.08984375,-27.34375,-69.3359375
828,1603236948.619939,-6.8359375,-15.625,-32.71484375,7.8125
829,1603236948.6238453,-8.7890625,-14.6484375,-35.15625,62.01171875
830,1603236948.6277516,-3.90625,-16.11328125,-31.73828125,27.83203125
831,1603236948.6316578,1.46484375,-15.13671875,-33.69140625,-60.05859375
832,1603236948.635564,-9.765625,-21.484375,-37.59765625,-88.8671875
833,1603236948.6394703,-6.34765625,-23.4375,-35.15625,-13.18359375
834,1603236948.6433766,13.671875,-13.18359375,-29.78515625,62.5
835,1603236948.6472828,9.27734375,-15.13671875,-24.4140625,45.41015625
836,1603236948.651189,-15.13671875,-19.53125,-27.83203125,-47.36328125
837,1603236948.6550953,-16.11328125,-17.08984375,-31.73828125,-83.49609375
838,1603236948.6590016,-15.13671875,-13.671875,-27.34375,-21.97265625
839,1603236948.6629078,-23.4375,-17.08984375,-23.92578125,49.8046875
840,1603236948.666814,-20.01953125,-14.16015625,-22.4609375,48.33984375
841,1603236948.6707203,-18.5546875,-6.8359375,-20.99609375,-41.015625
842,1603236948.6746266,-14.6484375,-12.6953125,-17.578125,-94.23828125
843,1603236948.6785328,-12.6953125,-13.671875,-14.6484375,-42.48046875
844,1603236948.682439,-20.01953125,-9.27734375,-17.08984375,36.1328125
845,1603236948.6863453,-23.92578125,-12.20703125,-14.16015625,40.0390625
846,1603236948.6902516,-25.87890625,-14.6484375,-7.8125,-29.78515625
847,1603236948.6941578,-32.71484375,-14.16015625,-9.27734375,-85.44921875
848,1603236948.698064,-22.4609375,-12.20703125,-11.23046875,-59.08203125
849,1603236948.7019703,-17.578125,-14.16015625,-7.8125,29.78515625
850,1603236948.7058766,-26.3671875,-19.53125,-6.34765625,55.17578125
851,1603236948.7097828,-25.87890625,-19.04296875,-5.37109375,-25.87890625
852,1603236948.713689,-36.1328125,-20.5078125,-9.765625,-101.07421875
853,1603236948.7175953,-30.2734375,-23.92578125,-8.30078125,-62.98828125
854,1603236948.7215016,-20.99609375,-20.01953125,-6.34765625,30.2734375
855,1603236948.7254078,-28.80859375,-15.13671875,-6.8359375,53.7109375
856,1603236948.729314,-26.3671875,-18.5546875,-8.7890625,-14.16015625
857,1603236948.7332203,-30.2734375,-24.90234375,-10.7421875,-92.7734375
858,1603236948.7371266,-30.2734375,-27.34375,-14.16015625,-72.75390625
859,1603236948.7410328,-28.3203125,-20.01953125,-18.5546875,11.71875
860,1603236948.744939,-30.2734375,-13.18359375,-19.53125,41.015625
861,1603236948.7488453,-26.85546875,-19.04296875,-17.08984375,-11.71875
862,1603236948.7527516,-24.4140625,-18.06640625,-14.6484375,-88.37890625
863,1603236948.7566578,-26.3671875,-10.7421875,-17.08984375,-85.9375
864,1603236948.760564,-30.76171875,-10.7421875,-16.6015625,-1.953125
865,1603236948.7644703,-14.6484375,-12.6953125,-18.5546875,62.01171875
866,1603236948.7683766,-11.71875,-8.7890625,-20.99609375,23.92578125
867,1603236948.7722828,-19.53125,-7.8125,-18.06640625,-63.4765625
868,1603236948.776189,-15.13671875,-13.671875,-20.01953125,-68.84765625
869,1603236948.7800953,-1.953125,-17.08984375,-20.5078125,10.7421875
870,1603236948.7840016,2.44140625,-19.53125,-15.625,67.3828125
871,1603236948.7879078,-10.25390625,-16.6015625,-16.6015625,19.53125
872,1603236948.791814,-20.99609375,-19.04296875,-21.97265625,-71.2890625
873,1603236948.7957203,-32.2265625,-21.97265625,-23.92578125,-83.984375
874,1603236948.7996266,-25.390625,-19.04296875,-22.4609375,-8.30078125
875,1603236948.8035328,-12.6953125,-15.625,-20.5078125,60.05859375
876,1603236948.807439,-13.671875,-13.18359375,-20.01953125,39.55078125
877,1603236948.8113453,-28.3203125,-19.04296875,-21.97265625,-53.7109375
878,1603236948.8152516,-30.76171875,-24.90234375,-24.90234375,-92.28515625
879,1603236948.8191578,-26.85546875,-20.99609375,-28.80859375,-29.78515625
880,1603236948.823064,-36.1328125,-21.97265625,-33.203125,43.9453125
881,1603236948.8269703,-31.25,-25.390625,-30.2734375,35.64453125
882,1603236948.8308766,-34.1796875,-18.5546875,-32.2265625,-60.05859375
883,1603236948.8347828,-44.921875,-13.671875,-31.73828125,-110.3515625
884,1603236948.838689,-40.52734375,-17.08984375,-23.4375,-52.24609375
885,1603236948.8425953,-27.34375,-20.99609375,-21.484375,40.52734375
886,1603236948.8465016,-15.625,-18.5546875,-21.97265625,49.31640625
887,1603236948.8504078,-20.99609375,-15.625,-21.97265625,-39.0625
888,1603236948.854314,-20.01953125,-18.06640625,-21.484375,-87.890625
889,1603236948.8582203,-9.765625,-15.625,-22.94921875,-42.96875
890,1603236948.8621266,-16.6015625,-13.18359375,-27.83203125,31.25
891,1603236948.8660328,-20.5078125,-16.6015625,-32.71484375,42.96875
892,1603236948.869939,-26.85546875,-23.4375,-31.73828125,-36.62109375
893,1603236948.8738453,-37.109375,-25.87890625,-30.76171875,-99.609375
894,1603236948.8777516,-28.80859375,-20.01953125,-32.2265625,-58.59375
895,1603236948.8816578,-17.578125,-15.625,-33.203125,24.4140625
896,1603236948.885564,-17.578125,-17.578125,-33.203125,57.12890625
897,1603236948.8894703,-16.6015625,-16.11328125,-29.78515625,-4.39453125
898,1603236948.8933766,-23.4375,-13.671875,-30.76171875,-91.796875
899,1603236948.8972828,-23.4375,-16.11328125,-29.78515625,-69.82421875
900,1603236948.901189,-19.04296875,-16.6015625,-24.4140625,25.87890625
901,1603236948.9050953,5.37109375,-13.18359375,-24.90234375,58.10546875
902,1603236948.9090016,-1.46484375,-15.13671875,-27.83203125,-7.32421875
903,1603236948.9129078,-43.45703125,-20.01953125,-27.34375,-89.84375
904,1603236948.916814,-40.52734375,-18.5546875,-25.87890625,-76.66015625
905,1603236948.9207203,-29.296875,-12.20703125,-23.92578125,15.13671875
906,1603236948.9246266,-23.4375,-10.7421875,-23.92578125,66.40625
907,1603236948.9285328,-22.94921875,-15.625,-25.87890625,22.94921875
908,1603236948.932439,-28.80859375,-12.6953125,-31.73828125,-66.89453125
909,1603236948.9363453,-29.78515625,-2.9296875,-27.83203125,-73.73046875
910,1603236948.9402516,-22.4609375,-3.41796875,-28.3203125,2.44140625
911,1603236948.9441578,-15.625,-11.23046875,-29.78515625,62.01171875
912,1603236948.948064,-20.5078125,-20.5078125,-22.94921875,23.4375
913,1603236948.9519703,-35.64453125,-21.484375,-25.87890625,-81.54296875
914,1603236948.9558766,-46.875,-17.578125,-30.2734375,-99.609375
915,1603236948.9597828,-36.62109375,-19.53125,-31.73828125,-22.94921875
916,1603236948.963689,-25.390625,-20.5078125,-31.25,42.96875
917,1603236948.9675953,-22.4609375,-20.99609375,-32.2265625,20.01953125
918,1603236948.9715016,-24.4140625,-23.4375,-35.15625,-74.21875
919,1603236948.9754078,-15.13671875,-23.92578125,-29.78515625,-96.19140625
920,1603236948.979314,-13.671875,-23.92578125,-28.3203125,-30.76171875
921,1603236948.9832203,-25.390625,-25.87890625,-34.66796875,28.80859375
922,1603236948.9871266,-20.5078125,-24.90234375,-34.66796875,20.5078125
923,1603236948.9910328,-18.06640625,-20.01953125,-33.203125,-61.5234375
924,1603236948.994939,-25.390625,-25.390625,-35.64453125,-103.02734375
925,1603236948.9988453,-31.25,-24.90234375,-36.1328125,-49.31640625
926,1603236949.0027516,-30.76171875,-18.06640625,-31.73828125,35.15625
927,1603236949.0066578,-29.296875,-22.94921875,-34.1796875,40.0390625
928,1603236949.010564,-30.2734375,-25.87890625,-38.57421875,-44.921875
929,1603236949.0144703,-31.25,-22.94921875,-38.0859375,-101.5625
930,1603236949.0183766,-21.484375,-23.4375,-39.0625,-51.26953125
931,1603236949.0222828,0.0,-26.85546875,-33.69140625,52.734375
932,1603236949.026189,-0.9765625,-28.80859375,-28.3203125,64.94140625
933,1603236949.0300953,-10.7421875,-24.90234375,-28.3203125,-25.390625
934,1603236949.0340016,-2.9296875,-20.99609375,-23.92578125,-83.49609375
935,1603236949.0379078,-9.765625,-17.08984375,-21.484375,-41.50390625
936,1603236949.041814,-11.23046875,-6.34765625,-23.4375,47.8515625
937,1603236949.0457203,-6.8359375,-6.8359375,-27.34375,67.3828125
938,1603236949.0496266,-7.32421875,-12.20703125,-27.83203125,-5.859375
939,1603236949.0535328,-17.08984375,-14.16015625,-28.3203125,-81.54296875
940,1603236949.057439,-25.390625,-14.6484375,-31.25,-66.89453125
941,1603236949.0613453,-5.859375,-18.06640625,-32.71484375,21.97265625
942,1603236949.0652516,-5.37109375,-21.97265625,-36.1328125,56.15234375
943,1603236949.0691578,-28.80859375,-20.5078125,-41.50390625,-9.765625
944,1603236949.073064,-37.59765625,-13.18359375,-42.48046875,-93.75
945,1603236949.0769703,-35.64453125,-11.71875,-40.52734375,-78.125
946,1603236949.0808766,-26.3671875,-17.578125,-38.57421875,13.18359375
947,1603236949.0847828,-27.83203125,-19.53125,-33.69140625,60.546875
948,1603236949.088689,-31.73828125,-21.97265625,-35.15625,7.8125
949,1603236949.0925953,-24.90234375,-17.08984375,-35.64453125,-77.1484375
950,1603236949.0965016,-22.4609375,-11.23046875,-32.71484375,-81.54296875
951,1603236949.1004078,-20.99609375,-17.08984375,-38.57421875,-9.765625
952,1603236949.104314,-20.99609375,-17.08984375,-44.921875,42.48046875
953,1603236949.1082203,-17.08984375,-17.08984375,-42.96875,10.7421875
954,1603236949.1121266,-13.18359375,-23.92578125,-35.64453125,-69.82421875
955,1603236949.1160328,-28.3203125,-20.99609375,-41.015625,-91.30859375
956,1603236949.119939,-34.66796875,-19.53125,-42.48046875,-24.90234375
957,1603236949.1238453,-20.01953125,-26.3671875,-36.62109375,50.78125
958,1603236949.1277516,-16.6015625,-22.4609375,-41.015625,22.4609375
959,1603236949.1316578,-31.25,-15.625,-39.55078125,-76.171875
960,1603236949.135564,-41.015625,-14.16015625,-32.2265625,-99.609375
961,1603236949.1394703,-31.73828125,-12.6953125,-25.87890625,-25.87890625
962,1603236949.1433766,-14.16015625,-13.671875,-26.3671875,51.7578125
963,1603236949.1472828,-14.16015625,-11.23046875,-36.1328125,34.66796875
964,1603236949.151189,-20.99609375,-6.8359375,-31.25,-55.17578125
965,1603236949.1550953,-10.7421875,-12.6953125,-21.97265625,-78.61328125
966,1603236949.1590016,-7.8125,-10.7421875,-24.4140625,-11.23046875
967,1603236949.1629078,-15.625,-6.8359375,-29.78515625,55.17578125
968,1603236949.166814,-14.6484375,-12.20703125,-32.71484375,46.875
969,1603236949.1707203,-23.4375,-17.08984375,-33.69140625,-41.015625
970,1603236949.1746266,-27.83203125,-21.484375,-35.64453125,-91.30859375
971,1603236949.1785328,-23.4375,-22.4609375,-34.66796875,-40.0390625
972,1603236949.182439,-11.23046875,-18.06640625,-31.73828125,46.875
973,1603236949.1863453,0.9765625,-20.5078125,-29.78515625,53.7109375
974,1603236949.1902516,-2.9296875,-24.4140625,-27.83203125,-29.296875
975,1603236949.1941578,-18.5546875,-24.90234375,-33.203125,-90.8203125
976,1603236949.198064,-25.390625,-25.390625,-37.109375,-55.6640625
977,1603236949.2019703,-16.6015625,-24.4140625,-35.64453125,33.203125
978,1603236949.2058766,-9.27734375,-22.4609375,-40.52734375,57.6171875
979,1603236949.2097828,-8.7890625,-19.53125,-43.9453125,-20.99609375
980,1603236949.213689,-13.18359375,-18.5546875,-41.50390625,-97.65625
981,1603236949.2175953,-16.11328125,-21.97265625,-41.015625,-68.84765625
982,1603236949.2215016,-11.71875,-21.484375,-44.921875,20.5078125
983,1603236949.2254078,-13.671875,-17.578125,-45.41015625,52.24609375
984,1603236949.229314,-14.16015625,-12.6953125,-41.015625,-11.23046875
985,1603236949.2332203,-15.13671875,-12.6953125,-38.57421875,-91.30859375
986,1603236949.2371266,-25.390625,-7.32421875,-37.59765625,-77.63671875
987,1603236949.2410328,-19.04296875,-0.9765625,-38.0859375,7.32421875
988,1603236949.244939,-12.6953125,-4.8828125,-37.59765625,54.6875
989,1603236949.2488453,-21.97265625,-10.7421875,-36.1328125,3.41796875
990,1603236949.2527516,-28.3203125,-7.8125,-33.69140625,-83.49609375
991,1603236949.2566578,-21.97265625,-3.41796875,-36.1328125,-86.42578125
992,1603236949.260564,-18.06640625,-13.18359375,-36.62109375,-4.8828125
993,1603236949.2644703,-14.16015625,-20.01953125,-38.0859375,62.01171875
994,1603236949.2683766,-3.90625,-16.6015625,-41.015625,12.20703125
995,1603236949.2722828,-20.5078125,-18.5546875,-36.1328125,-86.42578125
996,1603236949.276189,-38.57421875,-20.99609375,-33.203125,-90.33203125
997,1603236949.2800953,-34.66796875,-19.53125,-37.109375,-17.578125
998,1603236949.2840016,-25.87890625,-15.625,-38.0859375,44.43359375
999,1603236949.2879078,-20.5078125,-14.16015625,-35.64453125,18.5546875
1000,1603236949.291814,-31.25,-19.04296875,-36.1328125,-80.56640625
1001,1603236949.2957203,-32.71484375,-21.97265625,-38.57421875,-105.95703125
1002,1603236949.2996266,-28.80859375,-15.625,-42.48046875,-26.85546875
1003,1603236949.3035328,-26.85546875,-14.16015625,-40.52734375,44.921875
1004,1603236949.307439,-22.4609375,-25.87890625,-34.66796875,30.2734375
1005,1603236949.3113453,-26.3671875,-26.85546875,-38.0859375,-59.5703125
1006,1603236949.3152516,-22.4609375,-15.13671875,-39.55078125,-95.703125
1007,1603236949.3191578,-11.23046875,-16.6015625,-35.64453125,-31.73828125
1008,1603236949.323064,-10.7421875,-24.4140625,-37.109375,45.8984375
1009,1603236949.3269703,-20.5078125,-15.625,-40.0390625,38.57421875
1010,1603236949.3308766,-23.92578125,-9.765625,-36.62109375,-49.31640625
1011,1603236949.3347828,-26.3671875,-9.27734375,-31.73828125,-96.6796875
1012,1603236949.338689,-23.4375,-9.765625,-32.71484375,-34.66796875
1013,1603236949.3425953,-15.13671875,-9.27734375,-34.66796875,49.8046875
1014,1603236949.3465016,-13.671875,-8.7890625,-34.66796875,44.43359375
1015,1603236949.3504078,-21.97265625,-17.578125,-36.62109375,-30.76171875
1016,1603236949.354314,-24.4140625,-19.04296875,-41.50390625,-88.8671875
1017,1603236949.3582203,-24.4140625,-14.6484375,-47.8515625,-59.5703125
1018,1603236949.3621266,-23.92578125,-13.671875,-44.43359375,27.83203125
1019,1603236949.3660328,-15.625,-12.20703125,-39.55078125,55.6640625
1020,1603236949.369939,-16.6015625,-19.04296875,-41.9921875,-14.6484375
1021,1603236949.3738453,-34.66796875,-22.4609375,-45.41015625,-96.6796875
1022,1603236949.3777516,-30.76171875,-16.6015625,-41.9921875,-70.80078125
1023,1603236949.3816578,-10.7421875,-16.6015625,-37.59765625,29.296875
1024,1603236949.385564,-3.90625,-14.6484375,-42.96875,59.08203125
1025,1603236949.3894703,-16.11328125,-9.765625,-45.8984375,-3.90625
1026,1603236949.3933766,-27.83203125,-13.671875,-39.0625,-78.61328125
1027,1603236949.3972828,-19.53125,-20.5078125,-35.15625,-57.6171875
1028,1603236949.401189,-7.8125,-17.08984375,-38.57421875,33.203125
1029,1603236949.4050953,-4.39453125,-5.37109375,-36.62109375,72.265625
1030,1603236949.4090016,-8.7890625,-7.8125,-38.57421875,15.13671875
1031,1603236949.4129078,-9.27734375,-15.13671875,-43.9453125,-73.2421875
1032,1603236949.416814,-10.7421875,-13.671875,-38.0859375,-73.73046875
1033,1603236949.4207203,-17.578125,-18.5546875,-35.64453125,1.46484375
1034,1603236949.4246266,-8.30078125,-23.92578125,-39.55078125,56.15234375
1035,1603236949.4285328,-8.30078125,-20.99609375,-39.0625,7.32421875
1036,1603236949.432439,-13.671875,-18.06640625,-41.50390625,-85.9375
1037,1603236949.4363453,-13.671875,-20.01953125,-43.9453125,-85.44921875
1038,1603236949.4402516,-20.5078125,-16.11328125,-43.45703125,-10.25390625
1039,1603236949.4441578,-16.6015625,-13.671875,-42.96875,49.31640625
1040,1603236949.448064,-21.97265625,-12.20703125,-43.45703125,15.13671875
1041,1603236949.4519703,-29.78515625,-12.6953125,-38.57421875,-78.125
1042,1603236949.4558766,-35.15625,-17.08984375,-33.69140625,-91.30859375
1043,1603236949.4597828,-32.2265625,-18.5546875,-37.109375,-16.11328125
1044,1603236949.463689,-23.4375,-14.6484375,-41.015625,50.29296875
1045,1603236949.4675953,-14.6484375,-10.25390625,-38.0859375,40.0390625
1046,1603236949.4715016,-7.32421875,-7.32421875,-38.0859375,-44.43359375
1047,1603236949.4754078,-2.9296875,-7.32421875,-37.59765625,-82.03125
1048,1603236949.479314,-16.11328125,-12.20703125,-35.64453125,-21.97265625
1049,1603236949.4832203,-25.390625,-11.23046875,-39.55078125,56.640625
1050,1603236949.4871266,-15.625,-15.13671875,-41.015625,48.828125
1051,1603236949.4910328,-14.16015625,-18.06640625,-47.36328125,-44.43359375
1052,1603236949.494939,-11.71875,-14.16015625,-50.29296875,-90.33203125
1053,1603236949.4988453,-5.859375,-15.625,-47.36328125,-38.57421875
1054,1603236949.5027516,-7.32421875,-17.578125,-42.48046875,44.43359375
1055,1603236949.5066578,-10.25390625,-13.671875,-42.48046875,44.43359375
1056,1603236949.510564,-13.671875,-16.11328125,-43.45703125,-42.96875
1057,1603236949.5144703,-15.13671875,-19.04296875,-41.015625,-98.14453125
1058,1603236949.5183766,-16.6015625,-16.6015625,-42.48046875,-53.7109375
1059,1603236949.5222828,-20.01953125,-10.25390625,-50.29296875,27.83203125
1060,1603236949.526189,-11.23046875,-5.859375,-42.96875,49.31640625
1061,1603236949.5300953,-9.27734375,-15.13671875,-36.62109375,-9.765625
1062,1603236949.5340016,-22.94921875,-19.53125,-45.41015625,-84.47265625
1063,1603236949.5379078,-25.87890625,-8.7890625,-47.36328125,-71.2890625
1064,1603236949.541814,-19.53125,-6.34765625,-46.875,15.13671875
1065,1603236949.5457203,-19.04296875,-7.8125,-47.36328125,46.875
1066,1603236949.5496266,-13.18359375,-10.25390625,-47.8515625,-18.06640625
1067,1603236949.5535328,-14.16015625,-13.671875,-47.8515625,-89.84375
1068,1603236949.557439,-14.16015625,-16.6015625,-46.38671875,-70.3125
1069,1603236949.5613453,-7.8125,-16.11328125,-46.38671875,20.99609375
1070,1603236949.5652516,-16.11328125,-11.71875,-48.33984375,57.12890625
1071,1603236949.5691578,-20.5078125,-11.23046875,-48.33984375,-9.765625
1072,1603236949.573064,-20.01953125,-14.6484375,-47.36328125,-79.58984375
1073,1603236949.5769703,-20.5078125,-20.99609375,-45.41015625,-62.01171875
1074,1603236949.5808766,-16.6015625,-20.99609375,-43.9453125,17.578125
1075,1603236949.5847828,-14.16015625,-17.08984375,-43.45703125,63.96484375
1076,1603236949.588689,-13.18359375,-18.06640625,-41.9921875,11.23046875
1077,1603236949.5925953,-8.30078125,-21.484375,-40.52734375,-80.56640625
1078,1603236949.5965016,-16.6015625,-18.06640625,-42.96875,-84.9609375
1079,1603236949.6004078,-24.90234375,-15.13671875,-45.8984375,-4.39453125
1080,1603236949.604314,-14.6484375,-20.99609375,-43.9453125,60.05859375
1081,1603236949.6082203,-13.18359375,-24.4140625,-43.45703125,28.3203125
1082,1603236949.6121266,-21.484375,-20.99609375,-51.7578125,-71.77734375
1083,1603236949.6160328,-10.7421875,-16.6015625,-57.6171875,-85.9375
1084,1603236949.619939,-3.90625,-17.08984375,-55.17578125,-7.8125
1085,1603236949.6238453,-12.20703125,-20.01953125,-45.8984375,61.5234375
1086,1603236949.6277516,-21.97265625,-19.53125,-48.828125,37.59765625
1087,1603236949.6316578,-29.78515625,-20.5078125,-56.640625,-68.359375
1088,1603236949.635564,-25.87890625,-29.78515625,-52.24609375,-95.703125
1089,1603236949.6394703,-16.11328125,-28.80859375,-53.7109375,-18.06640625
1090,1603236949.6433766,-10.7421875,-23.92578125,-53.22265625,52.734375
1091,1603236949.6472828,-7.8125,-20.99609375,-44.921875,41.015625
1092,1603236949.651189,-7.8125,-14.16015625,-42.48046875,-41.9921875
1093,1603236949.6550953,-11.23046875,-15.13671875,-42.48046875,-83.984375
1094,1603236949.6590016,-13.671875,-15.13671875,-50.29296875,-35.64453125
1095,1603236949.6629078,-15.13671875,-12.6953125,-55.17578125,48.33984375
1096,1603236949.666814,-17.08984375,-14.6484375,-49.8046875,57.12890625
1097,1603236949.6707203,-16.6015625,-14.6484375,-50.78125,-32.2265625
1098,1603236949.6746266,-20.01953125,-13.18359375,-49.31640625,-92.7734375
1099,1603236949.6785328,-20.99609375,-11.71875,-43.45703125,-44.921875
1100,1603236949.682439,-7.8125,-11.71875,-44.43359375,47.36328125
1101,1603236949.6863453,-1.46484375,-9.765625,-45.8984375,59.08203125
1102,1603236949.6902516,-21.484375,-12.20703125,-48.33984375,-29.296875
1103,1603236949.6941578,-25.87890625,-18.5546875,-48.33984375,-88.37890625
1104,1603236949.698064,-15.13671875,-16.11328125,-45.8984375,-53.7109375
1105,1603236949.7019703,-14.6484375,-9.765625,-46.875,31.73828125
1106,1603236949.7058766,-12.20703125,-3.90625,-47.36328125,57.12890625
1107,1603236949.7097828,-12.20703125,-7.8125,-40.52734375,-4.8828125
1108,1603236949.713689,-20.5078125,-14.16015625,-36.62109375,-71.77734375
1109,1603236949.7175953,-8.30078125,-6.8359375,-39.0625,-47.8515625
1110,1603236949.7215016,10.7421875,-6.8359375,-44.921875,37.109375
1111,1603236949.7254078,-13.671875,-17.08984375,-43.9453125,77.1484375
1112,1603236949.729314,-21.97265625,-20.99609375,-41.015625,19.04296875
1113,1603236949.7332203,-11.71875,-13.18359375,-42.96875,-77.1484375
1114,1603236949.7371266,-16.6015625,-15.625,-49.8046875,-76.171875
1115,1603236949.7410328,-12.6953125,-19.53125,-47.8515625,15.13671875
1116,1603236949.744939,-19.53125,-18.5546875,-42.96875,54.6875
1117,1603236949.7488453,-26.85546875,-18.06640625,-46.875,-3.90625
1118,1603236949.7527516,-25.390625,-17.08984375,-46.38671875,-83.49609375
1119,1603236949.7566578,-23.92578125,-13.18359375,-45.8984375,-86.42578125
1120,1603236949.760564,-20.01953125,-13.671875,-46.875,-8.30078125
1121,1603236949.7644703,-19.04296875,-16.6015625,-48.33984375,47.8515625
1122,1603236949.7683766,-24.4140625,-15.625,-47.36328125,7.8125
1123,1603236949.7722828,-24.90234375,-19.04296875,-47.36328125,-84.47265625
1124,1603236949.776189,-27.34375,-20.99609375,-49.31640625,-105.46875
1125,1603236949.7800953,-31.25,-15.625,-44.43359375,-34.66796875
1126,1603236949.7840016,-10.7421875,-14.16015625,-39.55078125,47.36328125
1127,1603236949.7879078,-7.8125,-21.97265625,-38.0859375,25.390625
1128,1603236949.791814,-27.34375,-23.4375,-31.73828125,-74.21875
1129,1603236949.7957203,-29.78515625,-18.06640625,-29.78515625,-95.703125
1130,1603236949.7996266,-21.484375,-16.6015625,-32.2265625,-21.484375
1131,1603236949.8035328,-13.18359375,-9.27734375,-32.71484375,51.7578125
1132,1603236949.807439,-5.37109375,-10.25390625,-34.1796875,40.52734375
1133,1603236949.8113453,-21.484375,-20.01953125,-38.0859375,-50.29296875
1134,1603236949.8152516,-20.99609375,-28.3203125,-40.52734375,-92.28515625
1135,1603236949.8191578,-7.8125,-25.87890625,-42.48046875,-32.2265625
1136,1603236949.823064,-20.5078125,-12.20703125,-40.0390625,47.8515625
1137,1603236949.8269703,-26.3671875,-10.7421875,-33.69140625,42.48046875
1138,1603236949.8308766,-25.390625,-15.625,-35.15625,-46.875
1139,1603236949.8347828,-26.85546875,-19.53125,-38.57421875,-94.7265625
1140,1603236949.838689,-20.99609375,-21.484375,-39.0625,-46.38671875
1141,1603236949.8425953,-11.23046875,-21.97265625,-38.0859375,36.1328125
1142,1603236949.8465016,-4.39453125,-20.01953125,-35.64453125,54.6875
1143,1603236949.8504078,0.0,-21.484375,-40.52734375,-17.08984375
1144,1603236949.854314,-20.01953125,-20.5078125,-47.8515625,-82.51953125
1145,1603236949.8582203,-24.4140625,-16.6015625,-43.9453125,-51.26953125
1146,1603236949.8621266,-12.6953125,-20.01953125,-38.0859375,44.43359375
1147,1603236949.8660328,-16.6015625,-18.5546875,-41.50390625,62.01171875
1148,1603236949.869939,-35.15625,-11.71875,-47.8515625,-25.390625
1149,1603236949.8738453,-33.203125,-13.671875,-48.828125,-89.35546875
1150,1603236949.8777516,-22.94921875,-19.04296875,-45.41015625,-58.59375
1151,1603236949.8816578,-19.53125,-16.11328125,-46.875,25.87890625
1152,1603236949.885564,-15.625,-14.6484375,-48.33984375,56.15234375
1153,1603236949.8894703,-17.08984375,-20.01953125,-44.921875,-6.34765625
1154,1603236949.8933766,-17.08984375,-20.01953125,-46.875,-89.35546875
1155,1603236949.8972828,-26.3671875,-23.4375,-53.22265625,-91.796875
1156,1603236949.901189,-21.97265625,-25.390625,-57.6171875,-7.8125
1157,1603236949.9050953,-17.08984375,-24.90234375,-47.8515625,53.22265625
1158,1603236949.9090016,-26.3671875,-23.92578125,-42.96875,4.8828125
1159,1603236949.9129078,-28.3203125,-16.11328125,-44.921875,-93.75
1160,1603236949.916814,-36.1328125,-17.578125,-41.9921875,-100.09765625
1161,1603236949.9207203,-29.296875,-25.390625,-41.9921875,-13.18359375
1162,1603236949.9246266,-15.13671875,-21.97265625,-46.38671875,41.015625
1163,1603236949.9285328,-28.80859375,-15.625,-49.8046875,0.0
1164,1603236949.932439,-34.1796875,-14.16015625,-43.9453125,-83.0078125
1165,1603236949.9363453,-23.4375,-12.6953125,-36.1328125,-88.8671875
1166,1603236949.9402516,-22.4609375,-13.671875,-33.69140625,-15.13671875
1167,1603236949.9441578,-18.06640625,-17.08984375,-31.73828125,57.6171875
1168,1603236949.948064,-7.32421875,-16.6015625,-31.25,36.62109375
1169,1603236949.9519703,-23.92578125,-17.578125,-33.203125,-61.03515625
1170,1603236949.9558766,-29.78515625,-19.53125,-33.69140625,-88.8671875
1171,1603236949.9597828,-23.92578125,-18.06640625,-35.15625,-27.83203125
1172,1603236949.963689,-25.87890625,-16.11328125,-36.1328125,46.38671875
1173,1603236949.9675953,-18.06640625,-18.5546875,-33.69140625,36.62109375
1174,1603236949.9715016,-18.5546875,-17.578125,-35.64453125,-59.08203125
1175,1603236949.9754078,-26.3671875,-12.20703125,-37.59765625,-100.09765625
1176,1603236949.979314,-29.296875,-13.671875,-36.62109375,-38.0859375
1177,1603236949.9832203,-15.13671875,-19.04296875,-31.25,42.48046875
1178,1603236949.9871266,-6.34765625,-14.16015625,-32.71484375,36.1328125
1179,1603236949.9910328,-20.01953125,-10.7421875,-29.78515625,-49.31640625
1180,1603236949.994939,-29.296875,-14.6484375,-30.2734375,-94.7265625
1181,1603236949.9988453,-25.390625,-13.18359375,-36.1328125,-43.9453125
1182,1603236950.0027516,-14.6484375,-3.41796875,-31.25,44.921875
1183,1603236950.0066578,-13.18359375,0.9765625,-30.76171875,48.33984375
1184,1603236950.010564,-15.13671875,-11.23046875,-31.25,-24.4140625
1185,1603236950.0144703,-20.5078125,-15.13671875,-33.69140625,-90.33203125
1186,1603236950.0183766,-25.87890625,-12.6953125,-32.71484375,-65.4296875
1187,1603236950.0222828,-10.25390625,-16.11328125,-26.85546875,38.57421875
1188,1603236950.026189,-14.16015625,-17.08984375,-27.83203125,63.96484375
1189,1603236950.0300953,-24.90234375,-19.53125,-28.80859375,-15.13671875
1190,1603236950.0340016,-30.76171875,-19.53125,-26.85546875,-83.0078125
1191,1603236950.0379078,-26.3671875,-21.97265625,-26.3671875,-57.12890625
1192,1603236950.041814,-18.5546875,-26.3671875,-24.90234375,27.34375
1193,1603236950.0457203,-13.671875,-23.4375,-23.4375,57.12890625
1194,1603236950.0496266,-20.01953125,-23.4375,-29.78515625,-13.18359375
1195,1603236950.0535328,-22.94921875,-20.01953125,-28.80859375,-89.35546875
1196,1603236950.057439,-20.5078125,-24.4140625,-27.34375,-70.80078125
1197,1603236950.0613453,-10.7421875,-24.90234375,-33.203125,8.7890625
1198,1603236950.0652516,-0.9765625,-15.13671875,-29.296875,43.9453125
1199,1603236950.0691578,-15.13671875,-21.484375,-30.2734375,-4.8828125
1200,1603236950.073064,-21.484375,-21.97265625,-37.109375,-87.40234375
1201,1603236950.0769703,-27.34375,-19.04296875,-35.15625,-88.37890625
1202,1603236950.0808766,-25.390625,-17.08984375,-30.76171875,-11.71875
1203,1603236950.0847828,-22.94921875,-19.53125,-31.73828125,40.52734375
1204,1603236950.088689,-28.80859375,-22.4609375,-33.203125,4.8828125
1205,1603236950.0925953,-26.85546875,-16.11328125,-30.2734375,-82.03125
1206,1603236950.0965016,-27.34375,-14.6484375,-32.71484375,-95.21484375
1207,1603236950.1004078,-30.76171875,-20.01953125,-38.57421875,-17.578125
1208,1603236950.104314,-24.4140625,-20.99609375,-37.59765625,49.31640625
1209,1603236950.1082203,-26.3671875,-17.578125,-33.69140625,11.23046875
1210,1603236950.1121266,-15.13671875,-16.11328125,-33.69140625,-73.2421875
1211,1603236950.1160328,-13.671875,-10.7421875,-29.78515625,-87.890625
1212,1603236950.119939,-23.92578125,-15.13671875,-28.80859375,-22.94921875
1213,1603236950.1238453,-13.671875,-20.99609375,-33.69140625,47.36328125
1214,1603236950.1277516,-3.41796875,-16.6015625,-30.76171875,40.0390625
1215,1603236950.1316578,-6.34765625,-16.11328125,-25.390625,-43.45703125
1216,1603236950.135564,-6.34765625,-13.671875,-25.390625,-77.1484375
1217,1603236950.1394703,-3.41796875,-11.71875,-27.83203125,-14.6484375
1218,1603236950.1433766,-4.8828125,-16.11328125,-28.80859375,57.12890625
1219,1603236950.1472828,-5.37109375,-18.06640625,-23.4375,52.734375
1220,1603236950.151189,-8.30078125,-16.6015625,-22.94921875,-41.50390625
1221,1603236950.1550953,-12.6953125,-11.71875,-24.90234375,-94.23828125
1222,1603236950.1590016,-11.71875,-9.27734375,-21.97265625,-36.62109375
1223,1603236950.1629078,2.9296875,-6.8359375,-19.04296875,44.43359375
1224,1603236950.166814,-9.765625,-4.39453125,-23.4375,45.8984375
1225,1603236950.1707203,-28.3203125,-10.7421875,-28.3203125,-40.52734375
1226,1603236950.1746266,-18.5546875,-14.16015625,-23.92578125,-99.609375
1227,1603236950.1785328,-17.08984375,-11.23046875,-20.01953125,-54.6875
1228,1603236950.182439,-10.7421875,-9.765625,-21.484375,31.25
1229,1603236950.1863453,-4.39453125,-15.625,-24.90234375,52.24609375
1230,1603236950.1902516,-14.6484375,-18.5546875,-23.92578125,-13.671875
1231,1603236950.1941578,-21.484375,-17.08984375,-24.90234375,-86.42578125
1232,1603236950.198064,-25.87890625,-11.71875,-28.80859375,-64.94140625
1233,1603236950.2019703,-28.3203125,-14.16015625,-29.78515625,25.87890625
1234,1603236950.2058766,-16.11328125,-19.53125,-29.78515625,53.7109375
1235,1603236950.2097828,-21.484375,-17.08984375,-29.78515625,-10.25390625
1236,1603236950.213689,-26.85546875,-17.08984375,-29.296875,-87.890625
1237,1603236950.2175953,-20.01953125,-24.90234375,-28.80859375,-70.80078125
1238,1603236950.2215016,-25.390625,-27.34375,-27.34375,27.34375
1239,1603236950.2254078,-20.01953125,-20.99609375,-26.3671875,68.84765625
1240,1603236950.229314,-12.6953125,-21.97265625,-23.92578125,4.8828125
1241,1603236950.2332203,-19.04296875,-22.94921875,-26.85546875,-81.0546875
1242,1603236950.2371266,-29.78515625,-28.3203125,-24.90234375,-67.3828125
1243,1603236950.2410328,-31.73828125,-26.85546875,-22.4609375,12.6953125
1244,1603236950.244939,-24.90234375,-18.06640625,-27.83203125,51.7578125
1245,1603236950.2488453,-18.5546875,-20.5078125,-22.4609375,10.7421875
1246,1603236950.2527516,-13.671875,-17.08984375,-20.99609375,-75.68359375
1247,1603236950.2566578,-21.484375,-15.13671875,-24.90234375,-85.44921875
1248,1603236950.260564,-28.3203125,-19.04296875,-22.4609375,-4.39453125
1249,1603236950.2644703,-20.01953125,-24.4140625,-24.4140625,56.15234375
1250,1603236950.2683766,-12.20703125,-26.85546875,-27.83203125,26.85546875
1251,1603236950.2722828,-10.25390625,-21.484375,-28.80859375,-67.3828125
1252,1603236950.276189,-10.25390625,-13.671875,-24.90234375,-87.40234375
1253,1603236950.2800953,0.0,-16.6015625,-22.4609375,-9.27734375
1254,1603236950.2840016,7.32421875,-14.16015625,-18.06640625,64.94140625
1255,1603236950.2879078,3.90625,-0.9765625,-16.6015625,43.9453125
1256,1603236950.291814,-1.953125,-4.8828125,-22.94921875,-49.31640625
1257,1603236950.2957203,-4.39453125,-12.6953125,-21.97265625,-77.63671875
1258,1603236950.2996266,-4.8828125,-11.71875,-22.94921875,-15.13671875
1259,1603236950.3035328,-6.34765625,-12.6953125,-25.390625,59.08203125
1260,1603236950.307439,-4.39453125,-13.18359375,-19.53125,57.12890625
1261,1603236950.3113453,-18.5546875,-16.11328125,-19.04296875,-38.57421875
1262,1603236950.3152516,-29.296875,-20.99609375,-21.484375,-92.7734375
1263,1603236950.3191578,-25.87890625,-18.5546875,-24.90234375,-40.0390625
1264,1603236950.323064,-21.484375,-18.06640625,-25.390625,36.1328125
1265,1603236950.3269703,-24.4140625,-18.06640625,-18.5546875,42.96875
1266,1603236950.3308766,-26.3671875,-14.16015625,-17.08984375,-35.15625
1267,1603236950.3347828,-17.578125,-15.625,-23.92578125,-93.26171875
1268,1603236950.338689,-14.16015625,-13.671875,-24.4140625,-43.45703125
1269,1603236950.3425953,-18.06640625,-9.27734375,-20.01953125,46.875
1270,1603236950.3465016,-14.6484375,-5.37109375,-24.4140625,59.5703125
1271,1603236950.3504078,-3.41796875,0.48828125,-30.2734375,-19.04296875
1272,1603236950.354314,-3.41796875,0.48828125,-27.83203125,-79.58984375
1273,1603236950.3582203,-11.23046875,-7.32421875,-24.90234375,-46.875
1274,1603236950.3621266,-4.8828125,-8.7890625,-26.85546875,35.15625
1275,1603236950.3660328,-0.9765625,-4.8828125,-30.2734375,56.640625
1276,1603236950.369939,-7.8125,-11.23046875,-31.73828125,-13.18359375
1277,1603236950.3738453,-16.6015625,-14.6484375,-30.2734375,-81.0546875
1278,1603236950.3777516,-24.4140625,-10.7421875,-34.1796875,-75.68359375
1279,1603236950.3816578,-23.4375,-6.34765625,-29.296875,3.90625
1280,1603236950.385564,-18.06640625,-11.23046875,-23.92578125,47.36328125
1281,1603236950.3894703,-24.90234375,-16.6015625,-25.390625,-12.20703125
1282,1603236950.3933766,-38.0859375,-14.6484375,-27.34375,-96.19140625
1283,1603236950.3972828,-32.71484375,-14.16015625,-26.3671875,-83.49609375
1284,1603236950.401189,-25.390625,-15.13671875,-25.87890625,8.30078125
1285,1603236950.4050953,-20.99609375,-17.08984375,-31.73828125,58.10546875
1286,1603236950.4090016,-18.06640625,-15.13671875,-31.25,11.71875
1287,1603236950.4129078,-25.390625,-19.04296875,-26.3671875,-80.078125
1288,1603236950.416814,-23.4375,-17.08984375,-23.4375,-75.1953125
1289,1603236950.4207203,-17.08984375,-15.13671875,-24.4140625,8.30078125
1290,1603236950.4246266,-20.01953125,-18.5546875,-27.83203125,57.12890625
1291,1603236950.4285328,-17.578125,-10.7421875,-24.90234375,20.5078125
1292,1603236950.432439,-14.16015625,-14.6484375,-18.06640625,-67.3828125
1293,1603236950.4363453,-17.578125,-22.4609375,-18.5546875,-83.984375
1294,1603236950.4402516,-20.01953125,-20.01953125,-26.85546875,-21.484375
1295,1603236950.4441578,-22.94921875,-18.5546875,-26.85546875,46.875
1296,1603236950.448064,-21.484375,-14.6484375,-22.94921875,24.90234375
1297,1603236950.4519703,-24.90234375,-16.6015625,-28.80859375,-74.21875
1298,1603236950.4558766,-24.90234375,-15.625,-29.296875,-102.05078125
1299,1603236950.4597828,-19.04296875,-19.04296875,-27.34375,-40.52734375
1300,1603236950.463689,-12.6953125,-22.4609375,-33.203125,30.2734375
1301,1603236950.4675953,-18.5546875,-19.04296875,-33.69140625,22.94921875
1302,1603236950.4715016,-33.69140625,-21.484375,-37.109375,-70.3125
1303,1603236950.4754078,-36.1328125,-20.01953125,-39.55078125,-109.375
1304,1603236950.479314,-33.69140625,-16.11328125,-37.59765625,-49.8046875
1305,1603236950.4832203,-28.80859375,-9.27734375,-42.48046875,31.25
1306,1603236950.4871266,-13.18359375,-14.16015625,-41.50390625,46.875
1307,1603236950.4910328,-5.859375,-17.578125,-39.0625,-35.15625
1308,1603236950.494939,-13.18359375,-9.27734375,-43.45703125,-98.6328125
1309,1603236950.4988453,-21.97265625,-7.32421875,-48.33984375,-54.19921875
1310,1603236950.5027516,-17.578125,-12.20703125,-43.9453125,34.1796875
1311,1603236950.5066578,-13.671875,-12.6953125,-33.203125,57.12890625
1312,1603236950.510564,-5.37109375,-13.18359375,-32.71484375,-20.99609375
1313,1603236950.5144703,-16.6015625,-18.5546875,-31.25,-88.8671875
1314,1603236950.5183766,-35.64453125,-20.99609375,-32.2265625,-56.640625
1315,1603236950.5222828,-19.04296875,-23.4375,-34.66796875,30.76171875
1316,1603236950.526189,-22.4609375,-22.94921875,-30.2734375,46.875
1317,1603236950.5300953,-40.0390625,-25.390625,-29.296875,-32.71484375
1318,1603236950.5340016,-35.64453125,-27.34375,-32.2265625,-98.14453125
1319,1603236950.5379078,-34.1796875,-22.4609375,-35.15625,-71.2890625
1320,1603236950.541814,-23.4375,-16.11328125,-32.71484375,20.5078125
1321,1603236950.5457203,-8.30078125,-16.11328125,-32.2265625,60.05859375
1322,1603236950.5496266,-8.7890625,-26.3671875,-33.203125,-6.8359375
1323,1603236950.5535328,-19.53125,-27.34375,-29.78515625,-84.9609375
1324,1603236950.557439,-40.0390625,-23.4375,-29.296875,-76.66015625
1325,1603236950.5613453,-45.41015625,-29.78515625,-30.2734375,0.48828125
1326,1603236950.5652516,-31.73828125,-33.203125,-25.87890625,51.7578125
1327,1603236950.5691578,-23.92578125,-30.2734375,-20.01953125,12.20703125
1328,1603236950.573064,-36.1328125,-27.83203125,-22.4609375,-77.63671875
1329,1603236950.5769703,-40.0390625,-23.92578125,-21.484375,-88.8671875
1330,1603236950.5808766,-30.2734375,-20.99609375,-20.01953125,-8.30078125
1331,1603236950.5847828,-14.6484375,-19.04296875,-20.01953125,62.01171875
1332,1603236950.588689,-6.34765625,-21.484375,-24.90234375,20.5078125
1333,1603236950.5925953,-14.6484375,-20.5078125,-26.85546875,-79.1015625
1334,1603236950.5965016,-32.2265625,-21.484375,-26.3671875,-94.23828125
1335,1603236950.6004078,-35.64453125,-19.04296875,-24.90234375,-12.20703125
1336,1603236950.604314,-27.34375,-18.06640625,-21.484375,49.8046875
1337,1603236950.6082203,-23.92578125,-21.97265625,-23.4375,19.04296875
1338,1603236950.6121266,-26.3671875,-29.78515625,-28.3203125,-65.91796875
1339,1603236950.6160328,-37.59765625,-29.296875,-32.2265625,-99.609375
1340,1603236950.619939,-36.1328125,-16.11328125,-31.73828125,-36.62109375
1341,1603236950.6238453,-18.06640625,-18.06640625,-28.3203125,41.50390625
1342,1603236950.6277516,-18.06640625,-20.99609375,-26.3671875,30.76171875
1343,1603236950.6316578,-26.85546875,-18.5546875,-27.83203125,-61.5234375
1344,1603236950.635564,-25.87890625,-23.4375,-29.296875,-98.14453125
1345,1603236950.6394703,-36.1328125,-28.80859375,-27.34375,-38.57421875
1346,1603236950.6433766,-30.2734375,-25.87890625,-25.390625,37.59765625
1347,1603236950.6472828,-20.99609375,-19.53125,-21.484375,39.0625
1348,1603236950.651189,-33.69140625,-20.99609375,-20.99609375,-45.41015625
1349,1603236950.6550953,-35.64453125,-26.85546875,-24.90234375,-90.8203125
1350,1603236950.6590016,-25.87890625,-24.4140625,-28.80859375,-45.41015625
1351,1603236950.6629078,-19.04296875,-16.6015625,-31.73828125,32.71484375
1352,1603236950.666814,-14.6484375,-14.16015625,-28.80859375,39.55078125
1353,1603236950.6707203,-8.30078125,-15.13671875,-25.87890625,-41.9921875
1354,1603236950.6746266,-21.484375,-13.18359375,-26.3671875,-98.6328125
1355,1603236950.6785328,-33.203125,-14.6484375,-22.94921875,-60.546875
1356,1603236950.682439,-28.3203125,-14.16015625,-20.5078125,30.2734375
1357,1603236950.6863453,-20.5078125,-16.11328125,-19.53125,59.08203125
1358,1603236950.6902516,-17.578125,-18.06640625,-19.53125,-15.625
1359,1603236950.6941578,-24.4140625,-17.578125,-21.484375,-88.37890625
1360,1603236950.698064,-27.34375,-19.04296875,-22.4609375,-62.01171875
1361,1603236950.7019703,-14.6484375,-20.99609375,-24.4140625,26.85546875
1362,1603236950.7058766,-9.27734375,-22.4609375,-20.99609375,56.640625
1363,1603236950.7097828,-12.20703125,-17.08984375,-18.06640625,-12.6953125
1364,1603236950.713689,-13.18359375,-13.671875,-21.97265625,-87.890625
1365,1603236950.7175953,-20.5078125,-18.5546875,-15.13671875,-73.2421875
1366,1603236950.7215016,-17.08984375,-18.5546875,-13.671875,3.41796875
1367,1603236950.7254078,-8.7890625,-17.578125,-18.5546875,49.8046875
1368,1603236950.729314,-18.06640625,-18.5546875,-14.6484375,6.8359375
1369,1603236950.7332203,-34.1796875,-20.01953125,-13.18359375,-78.61328125
1370,1603236950.7371266,-37.59765625,-19.53125,-17.08984375,-77.1484375
1371,1603236950.7410328,-31.25,-16.6015625,-18.06640625,6.34765625
1372,1603236950.744939,-6.8359375,-16.6015625,-11.71875,62.01171875
1373,1603236950.7488453,-1.46484375,-16.6015625,-9.27734375,20.5078125
1374,1603236950.7527516,-17.578125,-14.6484375,-11.23046875,-73.73046875
1375,1603236950.7566578,-20.99609375,-16.6015625,-16.6015625,-93.75
1376,1603236950.760564,-12.20703125,-21.484375,-18.06640625,-17.578125
1377,1603236950.7644703,-5.859375,-25.390625,-16.11328125,45.8984375
1378,1603236950.7683766,-24.4140625,-24.4140625,-20.01953125,7.8125
1379,1603236950.7722828,-33.203125,-21.97265625,-23.92578125,-76.66015625
1380,1603236950.776189,-25.390625,-20.5078125,-23.92578125,-95.703125
1381,1603236950.7800953,-28.3203125,-17.578125,-23.4375,-31.73828125
1382,1603236950.7840016,-19.53125,-17.08984375,-24.4140625,38.57421875
1383,1603236950.7879078,-13.671875,-20.5078125,-22.94921875,21.97265625
1384,1603236950.791814,-25.390625,-21.97265625,-24.4140625,-65.4296875
1385,1603236950.7957203,-22.94921875,-17.08984375,-22.4609375,-94.7265625
1386,1603236950.7996266,-19.04296875,-11.71875,-21.97265625,-32.71484375
1387,1603236950.8035328,-13.671875,-17.08984375,-23.4375,49.8046875
1388,1603236950.807439,5.859375,-20.01953125,-18.06640625,52.734375
1389,1603236950.8113453,-6.34765625,-14.16015625,-17.08984375,-35.64453125
1390,1603236950.8152516,-25.390625,-19.53125,-20.5078125,-82.51953125
1391,1603236950.8191578,-21.484375,-29.78515625,-27.83203125,-35.64453125
1392,1603236950.823064,-15.13671875,-25.87890625,-30.76171875,39.55078125
1393,1603236950.8269703,-15.625,-20.01953125,-28.3203125,52.734375
1394,1603236950.8308766,-27.34375,-17.578125,-22.4609375,-27.34375
1395,1603236950.8347828,-33.69140625,-19.53125,-20.01953125,-89.84375
1396,1603236950.838689,-27.83203125,-23.92578125,-23.92578125,-55.6640625
1397,1603236950.8425953,-24.4140625,-24.90234375,-23.4375,24.90234375
1398,1603236950.8465016,-17.578125,-27.34375,-21.484375,43.9453125
1399,1603236950.8504078,-21.484375,-26.3671875,-18.5546875,-20.99609375
1400,1603236950.854314,-27.83203125,-24.90234375,-18.06640625,-84.47265625
1401,1603236950.8582203,-26.85546875,-22.4609375,-21.484375,-64.94140625
1402,1603236950.8621266,-22.94921875,-18.5546875,-21.484375,26.85546875
1403,1603236950.8660328,-13.18359375,-15.13671875,-17.578125,66.89453125
1404,1603236950.869939,-14.6484375,-14.16015625,-13.671875,-1.46484375
1405,1603236950.8738453,-18.06640625,-13.671875,-11.71875,-85.9375
1406,1603236950.8777516,-18.06640625,-14.6484375,-11.71875,-63.4765625
1407,1603236950.8816578,-19.04296875,-18.5546875,-15.625,18.06640625
1408,1603236950.885564,-12.20703125,-19.04296875,-21.484375,52.24609375
1409,1603236950.8894703,-15.625,-19.04296875,-22.4609375,4.8828125
1410,1603236950.8933766,-20.5078125,-20.99609375,-21.484375,-78.125
1411,1603236950.8972828,-22.4609375,-22.4609375,-24.90234375,-70.80078125
1412,1603236950.901189,-24.4140625,-20.01953125,-25.390625,14.6484375
1413,1603236950.9050953,-16.6015625,-16.6015625,-23.4375,59.08203125
1414,1603236950.9090016,-12.20703125,-18.5546875,-24.4140625,20.5078125
1415,1603236950.9129078,-20.5078125,-16.6015625,-24.90234375,-69.82421875
1416,1603236950.916814,-33.69140625,-14.16015625,-25.390625,-79.58984375
1417,1603236950.9207203,-26.85546875,-23.92578125,-26.85546875,0.0
1418,1603236950.9246266,-14.6484375,-28.3203125,-22.4609375,56.15234375
1419,1603236950.9285328,-26.3671875,-23.4375,-18.5546875,12.20703125
1420,1603236950.932439,-37.59765625,-21.97265625,-21.97265625,-82.03125
1421,1603236950.9363453,-32.2265625,-16.11328125,-20.5078125,-99.609375
1422,1603236950.9402516,-30.2734375,-16.11328125,-14.16015625,-20.99609375
1423,1603236950.9441578,-23.4375,-15.625,-13.18359375,61.03515625
1424,1603236950.948064,-17.08984375,-8.7890625,-17.08984375,35.15625
1425,1603236950.9519703,-24.4140625,-9.765625,-19.04296875,-62.98828125
1426,1603236950.9558766,-16.11328125,-14.6484375,-17.08984375,-87.890625
1427,1603236950.9597828,0.48828125,-15.13671875,-18.5546875,-25.390625
1428,1603236950.963689,-11.71875,-16.6015625,-19.53125,42.48046875
1429,1603236950.9675953,-20.01953125,-24.90234375,-18.06640625,37.109375
1430,1603236950.9715016,-18.5546875,-20.99609375,-17.08984375,-49.31640625
1431,1603236950.9754078,-27.34375,-17.08984375,-18.06640625,-97.16796875
1432,1603236950.979314,-22.94921875,-17.08984375,-22.94921875,-48.828125
1433,1603236950.9832203,-17.08984375,-19.04296875,-23.4375,37.109375
1434,1603236950.9871266,-16.6015625,-24.4140625,-18.06640625,48.828125
1435,1603236950.9910328,-19.04296875,-20.01953125,-18.5546875,-44.921875
1436,1603236950.994939,-26.3671875,-14.6484375,-22.4609375,-105.46875
1437,1603236950.9988453,-17.578125,-12.6953125,-22.4609375,-47.8515625
1438,1603236951.0027516,-1.953125,-6.8359375,-21.97265625,42.48046875
1439,1603236951.0066578,-1.46484375,-3.41796875,-22.94921875,47.36328125
1440,1603236951.010564,-7.32421875,-8.30078125,-22.94921875,-26.85546875
1441,1603236951.0144703,-10.7421875,-12.6953125,-18.5546875,-86.42578125
1442,1603236951.0183766,-21.97265625,-12.6953125,-20.5078125,-61.5234375
1443,1603236951.0222828,-8.30078125,-18.06640625,-25.390625,20.99609375
1444,1603236951.026189,-2.9296875,-22.4609375,-21.97265625,51.26953125
1445,1603236951.0300953,-21.484375,-20.01953125,-16.11328125,-5.859375
1446,1603236951.0340016,-23.92578125,-17.578125,-15.13671875,-78.61328125
1447,1603236951.0379078,-20.01953125,-12.20703125,-15.13671875,-68.359375
1448,1603236951.041814,-15.13671875,-15.13671875,-13.671875,16.11328125
1449,1603236951.0457203,-8.7890625,-18.06640625,-13.18359375,59.08203125
1450,1603236951.0496266,-18.5546875,-16.6015625,-11.23046875,-2.44140625
1451,1603236951.0535328,-24.4140625,-17.578125,-9.765625,-89.35546875
1452,1603236951.057439,-13.18359375,-15.13671875,-12.6953125,-80.56640625
1453,1603236951.0613453,-8.30078125,-12.6953125,-13.671875,2.44140625
1454,1603236951.0652516,-5.37109375,-13.18359375,-10.25390625,56.15234375
1455,1603236951.0691578,-9.765625,-12.6953125,-17.578125,13.671875
1456,1603236951.073064,-18.5546875,-13.671875,-22.94921875,-80.078125
1457,1603236951.0769703,-18.5546875,-18.06640625,-13.18359375,-86.42578125
1458,1603236951.0808766,-15.625,-15.13671875,-8.30078125,-2.9296875
1459,1603236951.0847828,-6.34765625,-7.8125,-10.7421875,52.24609375
1460,1603236951.088689,-1.46484375,-6.34765625,-8.7890625,14.16015625
1461,1603236951.0925953,-10.7421875,-11.23046875,-4.39453125,-69.3359375
1462,1603236951.0965016,-19.04296875,-10.7421875,-7.32421875,-82.03125
1463,1603236951.1004078,-27.34375,-7.8125,-12.20703125,-14.6484375
1464,1603236951.104314,-23.92578125,-10.7421875,-15.625,55.17578125
1465,1603236951.1082203,-14.6484375,-13.671875,-16.6015625,36.1328125
1466,1603236951.1121266,-16.11328125,-14.16015625,-14.6484375,-56.15234375
1467,1603236951.1160328,-11.23046875,-14.6484375,-10.7421875,-85.9375
1468,1603236951.119939,-10.25390625,-7.32421875,-6.34765625,-18.5546875
1469,1603236951.1238453,-12.6953125,-5.859375,-6.8359375,56.15234375
1470,1603236951.1277516,-2.9296875,-6.34765625,-13.671875,42.48046875
1471,1603236951.1316578,-6.8359375,-2.9296875,-15.13671875,-48.828125
1472,1603236951.135564,-12.20703125,-11.71875,-19.53125,-89.84375
1473,1603236951.1394703,-0.9765625,-18.5546875,-23.4375,-34.1796875
1474,1603236951.1433766,-2.44140625,-14.16015625,-23.4375,33.69140625
1475,1603236951.1472828,-7.8125,-5.37109375,-19.53125,35.64453125
1476,1603236951.151189,-19.53125,-7.32421875,-17.578125,-43.45703125
1477,1603236951.1550953,-33.203125,-15.13671875,-22.4609375,-104.98046875
1478,1603236951.1590016,-31.73828125,-10.25390625,-21.97265625,-65.4296875
1479,1603236951.1629078,-26.3671875,-10.7421875,-19.53125,18.5546875
1480,1603236951.166814,-24.4140625,-15.625,-20.01953125,37.109375
1481,1603236951.1707203,-22.4609375,-15.13671875,-20.99609375,-35.64453125
1482,1603236951.1746266,-31.73828125,-11.23046875,-21.484375,-101.5625
1483,1603236951.1785328,-28.80859375,-7.8125,-17.08984375,-64.94140625
1484,1603236951.182439,-8.7890625,-12.20703125,-8.7890625,35.15625
1485,1603236951.1863453,-19.53125,-10.25390625,-9.27734375,61.5234375
1486,1603236951.1902516,-28.3203125,-3.90625,-14.16015625,-15.13671875
1487,1603236951.1941578,-26.3671875,-7.8125,-13.671875,-83.0078125
1488,1603236951.198064,-29.78515625,-13.18359375,-12.20703125,-53.22265625
1489,1603236951.2019703,-14.6484375,-13.18359375,-10.7421875,30.76171875
1490,1603236951.2058766,-7.32421875,-6.8359375,-10.25390625,68.359375
1491,1603236951.2097828,-19.04296875,-8.7890625,-7.8125,8.7890625
1492,1603236951.213689,-21.97265625,-18.06640625,-12.6953125,-63.4765625
1493,1603236951.2175953,-22.94921875,-21.484375,-19.53125,-55.17578125
1494,1603236951.2215016,-18.06640625,-19.53125,-23.4375,10.7421875
1495,1603236951.2254078,-12.20703125,-20.5078125,-24.4140625,62.01171875
1496,1603236951.229314,-13.18359375,-20.99609375,-20.01953125,14.6484375
1497,1603236951.2332203,-21.484375,-19.53125,-21.97265625,-82.03125
1498,1603236951.2371266,-26.3671875,-24.90234375,-24.4140625,-84.47265625
1499,1603236951.2410328,-16.11328125,-25.390625,-25.87890625,3.41796875
1500,1603236951.244939,-17.578125,-22.4609375,-27.83203125,59.08203125
1501,1603236951.2488453,-10.25390625,-14.6484375,-17.08984375,27.83203125
1502,1603236951.2527516,-11.71875,-15.625,-16.11328125,-62.01171875
1503,1603236951.2566578,-17.08984375,-20.5078125,-19.04296875,-81.54296875
1504,1603236951.260564,-22.4609375,-18.06640625,-19.04296875,-13.671875
1505,1603236951.2644703,-20.01953125,-15.625,-19.53125,53.7109375
1506,1603236951.2683766,-11.71875,-16.11328125,-10.7421875,40.0390625
1507,1603236951.2722828,-5.859375,-20.5078125,-8.30078125,-47.8515625
1508,1603236951.276189,-5.37109375,-17.578125,-15.625,-81.54296875
1509,1603236951.2800953,-18.5546875,-16.6015625,-18.06640625,-25.390625
1510,1603236951.2840016,-8.7890625,-20.01953125,-11.71875,51.7578125
1511,1603236951.2879078,3.41796875,-14.16015625,-14.16015625,32.71484375
1512,1603236951.291814,-14.6484375,-13.671875,-19.04296875,-63.96484375
1513,1603236951.2957203,-19.53125,-17.08984375,-19.04296875,-95.703125
1514,1603236951.2996266,-2.44140625,-23.4375,-21.484375,-24.4140625
1515,1603236951.3035328,-0.48828125,-24.4140625,-26.85546875,58.59375
1516,1603236951.307439,-2.44140625,-16.11328125,-28.3203125,39.55078125
1517,1603236951.3113453,-5.859375,-16.6015625,-26.3671875,-53.22265625
1518,1603236951.3152516,-24.90234375,-20.5078125,-25.390625,-106.93359375
1519,1603236951.3191578,-15.13671875,-17.08984375,-28.80859375,-57.6171875
1520,1603236951.323064,0.48828125,-12.6953125,-28.80859375,28.80859375
1521,1603236951.3269703,-16.11328125,-13.671875,-21.484375,41.9921875
1522,1603236951.3308766,-28.3203125,-19.53125,-21.484375,-33.203125
1523,1603236951.3347828,-22.4609375,-16.11328125,-25.87890625,-89.84375
1524,1603236951.338689,-20.5078125,-16.11328125,-28.3203125,-51.7578125
1525,1603236951.3425953,-19.53125,-19.04296875,-26.3671875,39.0625
1526,1603236951.3465016,-15.13671875,-13.671875,-18.06640625,60.546875
1527,1603236951.3504078,-24.4140625,-16.6015625,-18.5546875,-20.99609375
1528,1603236951.354314,-28.3203125,-22.94921875,-22.94921875,-89.84375
1529,1603236951.3582203,-13.18359375,-21.97265625,-23.4375,-60.546875
1530,1603236951.3621266,-0.48828125,-20.99609375,-22.94921875,27.83203125
1531,1603236951.3660328,-20.01953125,-20.01953125,-26.3671875,60.05859375
1532,1603236951.369939,-33.69140625,-21.97265625,-27.83203125,-3.90625
1533,1603236951.3738453,-20.99609375,-26.85546875,-25.87890625,-80.56640625
1534,1603236951.3777516,-17.578125,-21.97265625,-28.80859375,-70.3125
1535,1603236951.3816578,-17.08984375,-19.04296875,-29.296875,13.18359375
